graphite E parallel to c (Draine 2003, Astrophys J 598, 1017-1025)
1 4 5 2 3 = columns for wave, Re(n), Im(n), eps1, eps2
  wave(um)      eps_1      eps_2       Re(n)       Im(n)
1.000000E-01 -7.4133E-01 4.5787E+00  1.3959E+00 1.6401E+00
1.011580E-01 -6.7704E-01 4.7980E+00  1.4437E+00 1.6617E+00
1.023293E-01 -6.5630E-01 5.0613E+00  1.4912E+00 1.6970E+00
1.035142E-01 -7.0575E-01 5.4796E+00  1.5523E+00 1.7650E+00
1.047129E-01 -6.8290E-01 6.0531E+00  1.6445E+00 1.8404E+00
1.059254E-01 -5.5198E-01 6.8735E+00  1.7810E+00 1.9297E+00
1.071519E-01 -4.6207E-02 7.7602E+00  1.9639E+00 1.9757E+00
1.083927E-01  1.2660E+00 8.6698E+00  2.2392E+00 1.9359E+00
1.096478E-01  3.1597E+00 9.1870E+00  2.5372E+00 1.8105E+00
1.109175E-01  5.0081E+00 9.1079E+00  2.7751E+00 1.6410E+00
1.122018E-01  5.9014E+00 8.0840E+00  2.8205E+00 1.4331E+00
1.135011E-01  6.2919E+00 6.8521E+00  2.7924E+00 1.2269E+00
1.148154E-01  6.2549E+00 5.5373E+00  2.7027E+00 1.0244E+00
1.161449E-01  6.3313E+00 4.8262E+00  2.6732E+00 9.0269E-01
1.174898E-01  6.3277E+00 4.2707E+00  2.6421E+00 8.0818E-01
1.188502E-01  6.2771E+00 3.7723E+00  2.6077E+00 7.2329E-01
1.202264E-01  6.1890E+00 3.2947E+00  2.5691E+00 6.4123E-01
1.216186E-01  6.0612E+00 2.8750E+00  2.5268E+00 5.6890E-01
1.230269E-01  5.8922E+00 2.5193E+00  2.4800E+00 5.0792E-01
1.244515E-01  5.7014E+00 2.2210E+00  2.4311E+00 4.5680E-01
1.258925E-01  5.5098E+00 1.9780E+00  2.3837E+00 4.1490E-01
1.273503E-01  5.3285E+00 1.7836E+00  2.3396E+00 3.8118E-01
1.288250E-01  5.1535E+00 1.6295E+00  2.2977E+00 3.5460E-01
1.303167E-01  4.9911E+00 1.5041E+00  2.2588E+00 3.3294E-01
1.318257E-01  4.8494E+00 1.3964E+00  2.2244E+00 3.1389E-01
1.333521E-01  4.7220E+00 1.3039E+00  2.1933E+00 2.9725E-01
1.348963E-01  4.6013E+00 1.2251E+00  2.1637E+00 2.8310E-01
1.364583E-01  4.4916E+00 1.1560E+00  2.1365E+00 2.7052E-01
1.380384E-01  4.3955E+00 1.0919E+00  2.1124E+00 2.5845E-01
1.396368E-01  4.3050E+00 1.0306E+00  2.0895E+00 2.4661E-01
1.412538E-01  4.2125E+00 9.6907E-01  2.0658E+00 2.3455E-01
1.428894E-01  4.1216E+00 9.1432E-01  2.0425E+00 2.2383E-01
1.445440E-01  4.0288E+00 8.6477E-01  2.0186E+00 2.1420E-01
1.462177E-01  3.9378E+00 8.2137E-01  1.9950E+00 2.0585E-01
1.479108E-01  3.8479E+00 7.8512E-01  1.9717E+00 1.9910E-01
1.496236E-01  3.7570E+00 7.5482E-01  1.9480E+00 1.9375E-01
1.513561E-01  3.6662E+00 7.3082E-01  1.9241E+00 1.8991E-01
1.531088E-01  3.5797E+00 7.1614E-01  1.9014E+00 1.8832E-01
1.548817E-01  3.4973E+00 7.1016E-01  1.8796E+00 1.8891E-01
1.566751E-01  3.4202E+00 7.1586E-01  1.8594E+00 1.9250E-01
1.584893E-01  3.3491E+00 7.2854E-01  1.8407E+00 1.9789E-01
1.603245E-01  3.2845E+00 7.4712E-01  1.8239E+00 2.0482E-01
1.621810E-01  3.2301E+00 7.6640E-01  1.8097E+00 2.1175E-01
1.640590E-01  3.1831E+00 7.8639E-01  1.7975E+00 2.1875E-01
1.659587E-01  3.1440E+00 8.0565E-01  1.7874E+00 2.2537E-01
1.678804E-01  3.1113E+00 8.2026E-01  1.7789E+00 2.3055E-01
1.698244E-01  3.0814E+00 8.3187E-01  1.7710E+00 2.3486E-01
1.717908E-01  3.0617E+00 8.3921E-01  1.7658E+00 2.3763E-01
1.737801E-01  3.0402E+00 8.4421E-01  1.7600E+00 2.3983E-01
1.757924E-01  3.0163E+00 8.4713E-01  1.7535E+00 2.4156E-01
1.778279E-01  2.9899E+00 8.4803E-01  1.7461E+00 2.4284E-01
1.798871E-01  2.9613E+00 8.4702E-01  1.7380E+00 2.4368E-01
1.819701E-01  2.9283E+00 8.4036E-01  1.7284E+00 2.4310E-01
1.840772E-01  2.8923E+00 8.3420E-01  1.7179E+00 2.4279E-01
1.862087E-01  2.8535E+00 8.2877E-01  1.7066E+00 2.4281E-01
1.883649E-01  2.8121E+00 8.2403E-01  1.6945E+00 2.4315E-01
1.905461E-01  2.7673E+00 8.2227E-01  1.6814E+00 2.4452E-01
1.927525E-01  2.7182E+00 8.3050E-01  1.6674E+00 2.4904E-01
1.949845E-01  2.6679E+00 8.4326E-01  1.6532E+00 2.5505E-01
1.972423E-01  2.6164E+00 8.6026E-01  1.6387E+00 2.6248E-01
1.995262E-01  2.5638E+00 8.8120E-01  1.6240E+00 2.7130E-01
2.018366E-01  2.5143E+00 9.0763E-01  1.6105E+00 2.8179E-01
2.041738E-01  2.4666E+00 9.3883E-01  1.5978E+00 2.9379E-01
2.065380E-01  2.4196E+00 9.7415E-01  1.5855E+00 3.0720E-01
2.089296E-01  2.3731E+00 1.0134E+00  1.5738E+00 3.2195E-01
2.113489E-01  2.3319E+00 1.0584E+00  1.5641E+00 3.3834E-01
2.137962E-01  2.2974E+00 1.1096E+00  1.5570E+00 3.5633E-01
2.162719E-01  2.2730E+00 1.1560E+00  1.5529E+00 3.7221E-01
2.187762E-01  2.2496E+00 1.1975E+00  1.5489E+00 3.8655E-01
2.213095E-01  2.2179E+00 1.2375E+00  1.5424E+00 4.0117E-01
2.238721E-01  2.1800E+00 1.2794E+00  1.5342E+00 4.1695E-01
2.264644E-01  2.1426E+00 1.3343E+00  1.5275E+00 4.3677E-01
2.290868E-01  2.1077E+00 1.4014E+00  1.5229E+00 4.6008E-01
2.317395E-01  2.0790E+00 1.4738E+00  1.5211E+00 4.8447E-01
2.344229E-01  2.0584E+00 1.5488E+00  1.5222E+00 5.0871E-01
2.371374E-01  2.0460E+00 1.6257E+00  1.5263E+00 5.3257E-01
2.398833E-01  2.0399E+00 1.7039E+00  1.5326E+00 5.5587E-01
2.426610E-01  2.0350E+00 1.7835E+00  1.5396E+00 5.7920E-01
2.454709E-01  2.0351E+00 1.8633E+00  1.5483E+00 6.0173E-01
2.483133E-01  2.0402E+00 1.9432E+00  1.5585E+00 6.2343E-01
2.511886E-01  2.0499E+00 2.0224E+00  1.5699E+00 6.4408E-01
2.540973E-01  2.0647E+00 2.1019E+00  1.5829E+00 6.6394E-01
2.570396E-01  2.0857E+00 2.1842E+00  1.5978E+00 6.8352E-01
2.600160E-01  2.1111E+00 2.2781E+00  1.6151E+00 7.0527E-01
2.630268E-01  2.1430E+00 2.3777E+00  1.6346E+00 7.2729E-01
2.660725E-01  2.1832E+00 2.4754E+00  1.6559E+00 7.4746E-01
2.691535E-01  2.2319E+00 2.5715E+00  1.6788E+00 7.6585E-01
2.722702E-01  2.2893E+00 2.6659E+00  1.7034E+00 7.8252E-01
2.754229E-01  2.3574E+00 2.7529E+00  1.7294E+00 7.9591E-01
2.786121E-01  2.4375E+00 2.8278E+00  1.7565E+00 8.0492E-01
2.818383E-01  2.5277E+00 2.8960E+00  1.7849E+00 8.1126E-01
2.851018E-01  2.6276E+00 2.9575E+00  1.8144E+00 8.1504E-01
2.884032E-01  2.7225E+00 3.0102E+00  1.8414E+00 8.1738E-01
2.917427E-01  2.8198E+00 3.0561E+00  1.8679E+00 8.1806E-01
2.951209E-01  2.9242E+00 3.0994E+00  1.8954E+00 8.1760E-01
2.985383E-01  3.0282E+00 3.1343E+00  1.9218E+00 8.1548E-01
3.019952E-01  3.1316E+00 3.1608E+00  1.9469E+00 8.1175E-01
3.054921E-01  3.2343E+00 3.1790E+00  1.9709E+00 8.0646E-01
3.090295E-01  3.3360E+00 3.1889E+00  1.9939E+00 7.9967E-01
3.126080E-01  3.4371E+00 3.1884E+00  2.0156E+00 7.9094E-01
3.162278E-01  3.5360E+00 3.1800E+00  2.0361E+00 7.8090E-01
3.198895E-01  3.6321E+00 3.1646E+00  2.0554E+00 7.6981E-01
3.235937E-01  3.7255E+00 3.1423E+00  2.0736E+00 7.5772E-01
3.273407E-01  3.8156E+00 3.1136E+00  2.0905E+00 7.4470E-01
3.311312E-01  3.8997E+00 3.0817E+00  2.1060E+00 7.3166E-01
3.349654E-01  3.9778E+00 3.0485E+00  2.1201E+00 7.1896E-01
3.388442E-01  4.0500E+00 3.0141E+00  2.1329E+00 7.0657E-01
3.427678E-01  4.1163E+00 2.9787E+00  2.1444E+00 6.9451E-01
3.467369E-01  4.1707E+00 2.9456E+00  2.1537E+00 6.8385E-01
3.507518E-01  4.2182E+00 2.9155E+00  2.1617E+00 6.7436E-01
3.548134E-01  4.2621E+00 2.8873E+00  2.1691E+00 6.6555E-01
3.589220E-01  4.3025E+00 2.8610E+00  2.1759E+00 6.5742E-01
3.630781E-01  4.3394E+00 2.8366E+00  2.1822E+00 6.4994E-01
3.672823E-01  4.3827E+00 2.8164E+00  2.1900E+00 6.4300E-01
3.715352E-01  4.4349E+00 2.7996E+00  2.1999E+00 6.3629E-01
3.758374E-01  4.4894E+00 2.7842E+00  2.2104E+00 6.2979E-01
3.801894E-01  4.5461E+00 2.7701E+00  2.2214E+00 6.2349E-01
3.845918E-01  4.6041E+00 2.7562E+00  2.2327E+00 6.1723E-01
3.890451E-01  4.6632E+00 2.7382E+00  2.2440E+00 6.1012E-01
3.935501E-01  4.7233E+00 2.7155E+00  2.2552E+00 6.0206E-01
3.981072E-01  4.7845E+00 2.6883E+00  2.2663E+00 5.9310E-01
4.027171E-01  4.8468E+00 2.6558E+00  2.2774E+00 5.8306E-01
4.073803E-01  4.9100E+00 2.6178E+00  2.2885E+00 5.7196E-01
4.120975E-01  4.9735E+00 2.5751E+00  2.2994E+00 5.5996E-01
4.168694E-01  5.0374E+00 2.5277E+00  2.3101E+00 5.4709E-01
4.216965E-01  5.1015E+00 2.4757E+00  2.3208E+00 5.3337E-01
4.265795E-01  5.1657E+00 2.4192E+00  2.3313E+00 5.1885E-01
4.315191E-01  5.2299E+00 2.3583E+00  2.3417E+00 5.0354E-01
4.365159E-01  5.2837E+00 2.2943E+00  2.3499E+00 4.8818E-01
4.415704E-01  5.3233E+00 2.2268E+00  2.3552E+00 4.7274E-01
4.466836E-01  5.3579E+00 2.1545E+00  2.3593E+00 4.5659E-01
4.518560E-01  5.3886E+00 2.0842E+00  2.3629E+00 4.4103E-01
4.570882E-01  5.4156E+00 2.0160E+00  2.3658E+00 4.2607E-01
4.623810E-01  5.4391E+00 1.9499E+00  2.3682E+00 4.1168E-01
4.677351E-01  5.4591E+00 1.8858E+00  2.3701E+00 3.9784E-01
4.731513E-01  5.4759E+00 1.8238E+00  2.3715E+00 3.8454E-01
4.786301E-01  5.4896E+00 1.7639E+00  2.3723E+00 3.7177E-01
4.841724E-01  5.5003E+00 1.7059E+00  2.3727E+00 3.5950E-01
4.897788E-01  5.5037E+00 1.6507E+00  2.3717E+00 3.4799E-01
4.954502E-01  5.5034E+00 1.5975E+00  2.3700E+00 3.3703E-01
5.011873E-01  5.5019E+00 1.5462E+00  2.3682E+00 3.2646E-01
5.069908E-01  5.4992E+00 1.4967E+00  2.3663E+00 3.1626E-01
5.128614E-01  5.4954E+00 1.4489E+00  2.3642E+00 3.0643E-01
5.188001E-01  5.4906E+00 1.4028E+00  2.3619E+00 2.9697E-01
5.248075E-01  5.4847E+00 1.3584E+00  2.3596E+00 2.8785E-01
5.308844E-01  5.4779E+00 1.3156E+00  2.3571E+00 2.7907E-01
5.370318E-01  5.4701E+00 1.2743E+00  2.3544E+00 2.7062E-01
5.432504E-01  5.4615E+00 1.2346E+00  2.3517E+00 2.6249E-01
5.495409E-01  5.4521E+00 1.1964E+00  2.3488E+00 2.5468E-01
5.559043E-01  5.4441E+00 1.1593E+00  2.3463E+00 2.4705E-01
5.623414E-01  5.4360E+00 1.1235E+00  2.3438E+00 2.3968E-01
5.688529E-01  5.4275E+00 1.0890E+00  2.3413E+00 2.3257E-01
5.754399E-01  5.4188E+00 1.0558E+00  2.3387E+00 2.2572E-01
5.821033E-01  5.4097E+00 1.0238E+00  2.3362E+00 2.1911E-01
5.888436E-01  5.4003E+00 9.9296E-01  2.3336E+00 2.1275E-01
5.956621E-01  5.3907E+00 9.6330E-01  2.3310E+00 2.0663E-01
6.025596E-01  5.3809E+00 9.3476E-01  2.3283E+00 2.0074E-01
6.095369E-01  5.3708E+00 9.0732E-01  2.3257E+00 1.9506E-01
6.165950E-01  5.3606E+00 8.8094E-01  2.3230E+00 1.8961E-01
6.237349E-01  5.3501E+00 8.5560E-01  2.3204E+00 1.8437E-01
6.309574E-01  5.3395E+00 8.3126E-01  2.3177E+00 1.7933E-01
6.382635E-01  5.3287E+00 8.0789E-01  2.3150E+00 1.7449E-01
6.456543E-01  5.3177E+00 7.8548E-01  2.3123E+00 1.6985E-01
6.531305E-01  5.3067E+00 7.6398E-01  2.3095E+00 1.6540E-01
6.606934E-01  5.2960E+00 7.4288E-01  2.3069E+00 1.6101E-01
6.683440E-01  5.2856E+00 7.2221E-01  2.3044E+00 1.5671E-01
6.760830E-01  5.2752E+00 7.0230E-01  2.3018E+00 1.5255E-01
6.839116E-01  5.2649E+00 6.8311E-01  2.2993E+00 1.4854E-01
6.918311E-01  5.2546E+00 6.6462E-01  2.2968E+00 1.4468E-01
6.998420E-01  5.2443E+00 6.4683E-01  2.2944E+00 1.4096E-01
7.079458E-01  5.2344E+00 6.3007E-01  2.2920E+00 1.3745E-01
7.161435E-01  5.2248E+00 6.1384E-01  2.2897E+00 1.3404E-01
7.244360E-01  5.2152E+00 5.9812E-01  2.2874E+00 1.3074E-01
7.328245E-01  5.2057E+00 5.8289E-01  2.2852E+00 1.2754E-01
7.413104E-01  5.1964E+00 5.6814E-01  2.2830E+00 1.2443E-01
7.498942E-01  5.1871E+00 5.5385E-01  2.2808E+00 1.2142E-01
7.585776E-01  5.1780E+00 5.4001E-01  2.2786E+00 1.1850E-01
7.673616E-01  5.1690E+00 5.2661E-01  2.2765E+00 1.1566E-01
7.762471E-01  5.1601E+00 5.1364E-01  2.2744E+00 1.1292E-01
7.852356E-01  5.1513E+00 5.0109E-01  2.2723E+00 1.1026E-01
7.943283E-01  5.1426E+00 4.8894E-01  2.2703E+00 1.0768E-01
8.035260E-01  5.1340E+00 4.7711E-01  2.2683E+00 1.0517E-01
8.128306E-01  5.1254E+00 4.6553E-01  2.2663E+00 1.0271E-01
8.222427E-01  5.1170E+00 4.5431E-01  2.2643E+00 1.0032E-01
8.317639E-01  5.1086E+00 4.4343E-01  2.2624E+00 9.8003E-02
8.413951E-01  5.1004E+00 4.3289E-01  2.2604E+00 9.5754E-02
8.511381E-01  5.0923E+00 4.2267E-01  2.2585E+00 9.3571E-02
8.609939E-01  5.0843E+00 4.1277E-01  2.2567E+00 9.1455E-02
8.709635E-01  5.0764E+00 4.0317E-01  2.2549E+00 8.9401E-02
8.810489E-01  5.0686E+00 3.9388E-01  2.2530E+00 8.7410E-02
8.912510E-01  5.0609E+00 3.8487E-01  2.2513E+00 8.5479E-02
9.015710E-01  5.0533E+00 3.7618E-01  2.2495E+00 8.3614E-02
9.120111E-01  5.0460E+00 3.6789E-01  2.2478E+00 8.1833E-02
9.225715E-01  5.0389E+00 3.5986E-01  2.2462E+00 8.0106E-02
9.332542E-01  5.0319E+00 3.5209E-01  2.2446E+00 7.8431E-02
9.440610E-01  5.0251E+00 3.4455E-01  2.2430E+00 7.6807E-02
9.549926E-01  5.0183E+00 3.3726E-01  2.2414E+00 7.5233E-02
9.660509E-01  5.0117E+00 3.3019E-01  2.2399E+00 7.3707E-02
9.772373E-01  5.0053E+00 3.2335E-01  2.2384E+00 7.2228E-02
9.885530E-01  4.9989E+00 3.1673E-01  2.2369E+00 7.0796E-02
1.000000E+00  4.9927E+00 3.1032E-01  2.2355E+00 6.9407E-02
1.011580E+00  4.9865E+00 3.0392E-01  2.2341E+00 6.8020E-02
1.023293E+00  4.9805E+00 2.9771E-01  2.2327E+00 6.6670E-02
1.035142E+00  4.9746E+00 2.9166E-01  2.2313E+00 6.5356E-02
1.047129E+00  4.9689E+00 2.8579E-01  2.2300E+00 6.4078E-02
1.059254E+00  4.9632E+00 2.8008E-01  2.2287E+00 6.2834E-02
1.071519E+00  4.9577E+00 2.7453E-01  2.2274E+00 6.1624E-02
1.083927E+00  4.9522E+00 2.6913E-01  2.2262E+00 6.0447E-02
1.096478E+00  4.9469E+00 2.6389E-01  2.2250E+00 5.9302E-02
1.109175E+00  4.9417E+00 2.5880E-01  2.2237E+00 5.8189E-02
1.122018E+00  4.9365E+00 2.5384E-01  2.2226E+00 5.7106E-02
1.135011E+00  4.9315E+00 2.4907E-01  2.2214E+00 5.6061E-02
1.148154E+00  4.9266E+00 2.4446E-01  2.2203E+00 5.5050E-02
1.161449E+00  4.9218E+00 2.3998E-01  2.2192E+00 5.4070E-02
1.174898E+00  4.9172E+00 2.3565E-01  2.2181E+00 5.3119E-02
1.188502E+00  4.9126E+00 2.3144E-01  2.2170E+00 5.2197E-02
1.202265E+00  4.9081E+00 2.2737E-01  2.2160E+00 5.1302E-02
1.216186E+00  4.9037E+00 2.2342E-01  2.2150E+00 5.0434E-02
1.230269E+00  4.8993E+00 2.1960E-01  2.2140E+00 4.9593E-02
1.244515E+00  4.8951E+00 2.1589E-01  2.2130E+00 4.8777E-02
1.258925E+00  4.8911E+00 2.1225E-01  2.2121E+00 4.7975E-02
1.273503E+00  4.8873E+00 2.0868E-01  2.2112E+00 4.7186E-02
1.288250E+00  4.8836E+00 2.0520E-01  2.2104E+00 4.6417E-02
1.303167E+00  4.8800E+00 2.0181E-01  2.2096E+00 4.5668E-02
1.318257E+00  4.8761E+00 1.9849E-01  2.2086E+00 4.4935E-02
1.333522E+00  4.8721E+00 1.9526E-01  2.2077E+00 4.4223E-02
1.348963E+00  4.8682E+00 1.9213E-01  2.2068E+00 4.3530E-02
1.364583E+00  4.8642E+00 1.8908E-01  2.2059E+00 4.2857E-02
1.380384E+00  4.8602E+00 1.8612E-01  2.2050E+00 4.2204E-02
1.396369E+00  4.8561E+00 1.8326E-01  2.2041E+00 4.1574E-02
1.412537E+00  4.8522E+00 1.8049E-01  2.2032E+00 4.0961E-02
1.428894E+00  4.8484E+00 1.7780E-01  2.2023E+00 4.0366E-02
1.445440E+00  4.8448E+00 1.7518E-01  2.2014E+00 3.9787E-02
1.462177E+00  4.8413E+00 1.7264E-01  2.2007E+00 3.9224E-02
1.479108E+00  4.8383E+00 1.7016E-01  2.2000E+00 3.8673E-02
1.496236E+00  4.8354E+00 1.6775E-01  2.1993E+00 3.8137E-02
1.513561E+00  4.8326E+00 1.6540E-01  2.1986E+00 3.7614E-02
1.531088E+00  4.8299E+00 1.6312E-01  2.1980E+00 3.7105E-02
1.548817E+00  4.8273E+00 1.6089E-01  2.1974E+00 3.6609E-02
1.566751E+00  4.8245E+00 1.5872E-01  2.1968E+00 3.6127E-02
1.584894E+00  4.8217E+00 1.5661E-01  2.1961E+00 3.5657E-02
1.603245E+00  4.8189E+00 1.5456E-01  2.1955E+00 3.5199E-02
1.621810E+00  4.8161E+00 1.5256E-01  2.1948E+00 3.4753E-02
1.640590E+00  4.8134E+00 1.5061E-01  2.1942E+00 3.4319E-02
1.659587E+00  4.8107E+00 1.4871E-01  2.1936E+00 3.3897E-02
1.678804E+00  4.8081E+00 1.4687E-01  2.1930E+00 3.3486E-02
1.698244E+00  4.8055E+00 1.4507E-01  2.1924E+00 3.3086E-02
1.717908E+00  4.8029E+00 1.4333E-01  2.1918E+00 3.2696E-02
1.737801E+00  4.8004E+00 1.4163E-01  2.1912E+00 3.2317E-02
1.757924E+00  4.7979E+00 1.3997E-01  2.1906E+00 3.1947E-02
1.778279E+00  4.7953E+00 1.3836E-01  2.1901E+00 3.1588E-02
1.798871E+00  4.7928E+00 1.3679E-01  2.1895E+00 3.1237E-02
1.819701E+00  4.7902E+00 1.3526E-01  2.1889E+00 3.0896E-02
1.840772E+00  4.7877E+00 1.3377E-01  2.1883E+00 3.0565E-02
1.862087E+00  4.7852E+00 1.3232E-01  2.1877E+00 3.0242E-02
1.883649E+00  4.7826E+00 1.3091E-01  2.1871E+00 2.9928E-02
1.905461E+00  4.7801E+00 1.2954E-01  2.1865E+00 2.9623E-02
1.927525E+00  4.7776E+00 1.2821E-01  2.1860E+00 2.9326E-02
1.949845E+00  4.7750E+00 1.2692E-01  2.1854E+00 2.9038E-02
1.972423E+00  4.7725E+00 1.2566E-01  2.1848E+00 2.8758E-02
1.995262E+00  4.7701E+00 1.2444E-01  2.1842E+00 2.8486E-02
2.018367E+00  4.7676E+00 1.2325E-01  2.1837E+00 2.8222E-02
2.041738E+00  4.7652E+00 1.2210E-01  2.1831E+00 2.7965E-02
2.065380E+00  4.7628E+00 1.2098E-01  2.1826E+00 2.7716E-02
2.089297E+00  4.7618E+00 1.1990E-01  2.1823E+00 2.7470E-02
2.113489E+00  4.7613E+00 1.1884E-01  2.1822E+00 2.7230E-02
2.137962E+00  4.7601E+00 1.1783E-01  2.1819E+00 2.7000E-02
2.162719E+00  4.7582E+00 1.1684E-01  2.1815E+00 2.6779E-02
2.187762E+00  4.7559E+00 1.1587E-01  2.1810E+00 2.6564E-02
2.213095E+00  4.7530E+00 1.1489E-01  2.1803E+00 2.6347E-02
2.238722E+00  4.7502E+00 1.1392E-01  2.1797E+00 2.6133E-02
2.264644E+00  4.7480E+00 1.1301E-01  2.1792E+00 2.5930E-02
2.290868E+00  4.7465E+00 1.1216E-01  2.1788E+00 2.5739E-02
2.317395E+00  4.7450E+00 1.1134E-01  2.1784E+00 2.5554E-02
2.344229E+00  4.7434E+00 1.1054E-01  2.1781E+00 2.5375E-02
2.371374E+00  4.7419E+00 1.0976E-01  2.1777E+00 2.5201E-02
2.398833E+00  4.7404E+00 1.0901E-01  2.1774E+00 2.5032E-02
2.426610E+00  4.7388E+00 1.0827E-01  2.1770E+00 2.4868E-02
2.454709E+00  4.7356E+00 1.0748E-01  2.1763E+00 2.4694E-02
2.483133E+00  4.7328E+00 1.0673E-01  2.1756E+00 2.4528E-02
2.511887E+00  4.7315E+00 1.0607E-01  2.1753E+00 2.4381E-02
2.540972E+00  4.7302E+00 1.0544E-01  2.1750E+00 2.4239E-02
2.570396E+00  4.7288E+00 1.0483E-01  2.1747E+00 2.4101E-02
2.600160E+00  4.7274E+00 1.0423E-01  2.1744E+00 2.3967E-02
2.630268E+00  4.7258E+00 1.0365E-01  2.1740E+00 2.3838E-02
2.660726E+00  4.7243E+00 1.0309E-01  2.1737E+00 2.3714E-02
2.691535E+00  4.7226E+00 1.0255E-01  2.1733E+00 2.3593E-02
2.722702E+00  4.7209E+00 1.0202E-01  2.1729E+00 2.3477E-02
2.754229E+00  4.7191E+00 1.0152E-01  2.1725E+00 2.3364E-02
2.786121E+00  4.7172E+00 1.0103E-01  2.1720E+00 2.3256E-02
2.818383E+00  4.7153E+00 1.0055E-01  2.1716E+00 2.3151E-02
2.851019E+00  4.7133E+00 1.0009E-01  2.1711E+00 2.3050E-02
2.884032E+00  4.7112E+00 9.9648E-02  2.1706E+00 2.2954E-02
2.917427E+00  4.7091E+00 9.9222E-02  2.1702E+00 2.2861E-02
2.951210E+00  4.7069E+00 9.8812E-02  2.1697E+00 2.2771E-02
2.985383E+00  4.7047E+00 9.8418E-02  2.1691E+00 2.2686E-02
3.019952E+00  4.7024E+00 9.8040E-02  2.1686E+00 2.2604E-02
3.054921E+00  4.7001E+00 9.7677E-02  2.1681E+00 2.2526E-02
3.090295E+00  4.6977E+00 9.7330E-02  2.1675E+00 2.2452E-02
3.126080E+00  4.6959E+00 9.7007E-02  2.1671E+00 2.2381E-02
3.162278E+00  4.6943E+00 9.6703E-02  2.1667E+00 2.2315E-02
3.198895E+00  4.6928E+00 9.6416E-02  2.1664E+00 2.2253E-02
3.235936E+00  4.6913E+00 9.6145E-02  2.1661E+00 2.2194E-02
3.273407E+00  4.6898E+00 9.5885E-02  2.1657E+00 2.2137E-02
3.311311E+00  4.6882E+00 9.5627E-02  2.1653E+00 2.2081E-02
3.349655E+00  4.6865E+00 9.5382E-02  2.1649E+00 2.2029E-02
3.388442E+00  4.6848E+00 9.5151E-02  2.1645E+00 2.1979E-02
3.427678E+00  4.6830E+00 9.4939E-02  2.1641E+00 2.1934E-02
3.467368E+00  4.6812E+00 9.4743E-02  2.1637E+00 2.1893E-02
3.507519E+00  4.6794E+00 9.4559E-02  2.1633E+00 2.1855E-02
3.548133E+00  4.6775E+00 9.4389E-02  2.1629E+00 2.1820E-02
3.589220E+00  4.6756E+00 9.4231E-02  2.1624E+00 2.1788E-02
3.630781E+00  4.6736E+00 9.4087E-02  2.1620E+00 2.1760E-02
3.672823E+00  4.6716E+00 9.3955E-02  2.1615E+00 2.1734E-02
3.715353E+00  4.6695E+00 9.3835E-02  2.1610E+00 2.1711E-02
3.758374E+00  4.6674E+00 9.3726E-02  2.1605E+00 2.1690E-02
3.801894E+00  4.6653E+00 9.3628E-02  2.1600E+00 2.1673E-02
3.845919E+00  4.6631E+00 9.3543E-02  2.1595E+00 2.1658E-02
3.890452E+00  4.6608E+00 9.3470E-02  2.1590E+00 2.1647E-02
3.935502E+00  4.6585E+00 9.3406E-02  2.1585E+00 2.1637E-02
3.981072E+00  4.6561E+00 9.3352E-02  2.1579E+00 2.1630E-02
4.027170E+00  4.6537E+00 9.3306E-02  2.1574E+00 2.1625E-02
4.073802E+00  4.6512E+00 9.3270E-02  2.1568E+00 2.1622E-02
4.120976E+00  4.6487E+00 9.3243E-02  2.1562E+00 2.1622E-02
4.168694E+00  4.6460E+00 9.3221E-02  2.1556E+00 2.1623E-02
4.216966E+00  4.6432E+00 9.3207E-02  2.1549E+00 2.1627E-02
4.265795E+00  4.6405E+00 9.3202E-02  2.1543E+00 2.1632E-02
4.315191E+00  4.6377E+00 9.3208E-02  2.1536E+00 2.1640E-02
4.365158E+00  4.6349E+00 9.3225E-02  2.1530E+00 2.1650E-02
4.415705E+00  4.6322E+00 9.3253E-02  2.1524E+00 2.1663E-02
4.466837E+00  4.6296E+00 9.3297E-02  2.1518E+00 2.1679E-02
4.518560E+00  4.6272E+00 9.3354E-02  2.1512E+00 2.1698E-02
4.570882E+00  4.6247E+00 9.3423E-02  2.1506E+00 2.1720E-02
4.623810E+00  4.6222E+00 9.3504E-02  2.1500E+00 2.1745E-02
4.677351E+00  4.6197E+00 9.3599E-02  2.1495E+00 2.1773E-02
4.731514E+00  4.6171E+00 9.3707E-02  2.1489E+00 2.1804E-02
4.786302E+00  4.6143E+00 9.3824E-02  2.1482E+00 2.1838E-02
4.841724E+00  4.6110E+00 9.3941E-02  2.1474E+00 2.1873E-02
4.897789E+00  4.6075E+00 9.4067E-02  2.1466E+00 2.1911E-02
4.954502E+00  4.6037E+00 9.4204E-02  2.1457E+00 2.1951E-02
5.011872E+00  4.5998E+00 9.4338E-02  2.1448E+00 2.1992E-02
5.069909E+00  4.5959E+00 9.4430E-02  2.1439E+00 2.2023E-02
5.128614E+00  4.5920E+00 9.4527E-02  2.1430E+00 2.2055E-02
5.188001E+00  4.5883E+00 9.4637E-02  2.1422E+00 2.2089E-02
5.248075E+00  4.5849E+00 9.4767E-02  2.1413E+00 2.2128E-02
5.308844E+00  4.5814E+00 9.4909E-02  2.1405E+00 2.2169E-02
5.370317E+00  4.5779E+00 9.5065E-02  2.1397E+00 2.2214E-02
5.432504E+00  4.5744E+00 9.5236E-02  2.1389E+00 2.2263E-02
5.495410E+00  4.5709E+00 9.5424E-02  2.1381E+00 2.2315E-02
5.559043E+00  4.5666E+00 9.5613E-02  2.1371E+00 2.2370E-02
5.623413E+00  4.5619E+00 9.5814E-02  2.1360E+00 2.2428E-02
5.688528E+00  4.5568E+00 9.6046E-02  2.1348E+00 2.2496E-02
5.754400E+00  4.5517E+00 9.6301E-02  2.1336E+00 2.2568E-02
5.821034E+00  4.5468E+00 9.6575E-02  2.1324E+00 2.2644E-02
5.888438E+00  4.5420E+00 9.6869E-02  2.1313E+00 2.2725E-02
5.956622E+00  4.5374E+00 9.7189E-02  2.1303E+00 2.2812E-02
6.025595E+00  4.5330E+00 9.7529E-02  2.1292E+00 2.2903E-02
6.095370E+00  4.5286E+00 9.7890E-02  2.1282E+00 2.2999E-02
6.165950E+00  4.5242E+00 9.8272E-02  2.1271E+00 2.3100E-02
6.237350E+00  4.5192E+00 9.8647E-02  2.1260E+00 2.3200E-02
6.309575E+00  4.5134E+00 9.9002E-02  2.1246E+00 2.3299E-02
6.382635E+00  4.5072E+00 9.9358E-02  2.1232E+00 2.3399E-02
6.456542E+00  4.5011E+00 9.9724E-02  2.1217E+00 2.3501E-02
6.531307E+00  4.4948E+00 1.0012E-01  2.1202E+00 2.3611E-02
6.606935E+00  4.4882E+00 1.0058E-01  2.1187E+00 2.3736E-02
6.683441E+00  4.4818E+00 1.0108E-01  2.1172E+00 2.3871E-02
6.760831E+00  4.4764E+00 1.0161E-01  2.1159E+00 2.4012E-02
6.839116E+00  4.4712E+00 1.0219E-01  2.1147E+00 2.4161E-02
6.918312E+00  4.4658E+00 1.0279E-01  2.1134E+00 2.4320E-02
6.998421E+00  4.4588E+00 1.0344E-01  2.1117E+00 2.4491E-02
7.079457E+00  4.4513E+00 1.0412E-01  2.1099E+00 2.4674E-02
7.161436E+00  4.4438E+00 1.0486E-01  2.1082E+00 2.4871E-02
7.244359E+00  4.4361E+00 1.0565E-01  2.1064E+00 2.5079E-02
7.328244E+00  4.4283E+00 1.0649E-01  2.1045E+00 2.5300E-02
7.413104E+00  4.4203E+00 1.0737E-01  2.1026E+00 2.5532E-02
7.498942E+00  4.4121E+00 1.0830E-01  2.1007E+00 2.5779E-02
7.585774E+00  4.4037E+00 1.0928E-01  2.0987E+00 2.6035E-02
7.673616E+00  4.3952E+00 1.1032E-01  2.0966E+00 2.6310E-02
7.762471E+00  4.3864E+00 1.1145E-01  2.0945E+00 2.6604E-02
7.852358E+00  4.3775E+00 1.1269E-01  2.0924E+00 2.6927E-02
7.943283E+00  4.3683E+00 1.1402E-01  2.0902E+00 2.7274E-02
8.035261E+00  4.3590E+00 1.1544E-01  2.0880E+00 2.7644E-02
8.128304E+00  4.3494E+00 1.1696E-01  2.0857E+00 2.8038E-02
8.222427E+00  4.3397E+00 1.1857E-01  2.0834E+00 2.8457E-02
8.317641E+00  4.3297E+00 1.2026E-01  2.0810E+00 2.8895E-02
8.413954E+00  4.3178E+00 1.2201E-01  2.0781E+00 2.9355E-02
8.511381E+00  4.3052E+00 1.2384E-01  2.0751E+00 2.9839E-02
8.609937E+00  4.2983E+00 1.2580E-01  2.0735E+00 3.0334E-02
8.709634E+00  4.2876E+00 1.2782E-01  2.0709E+00 3.0862E-02
8.810489E+00  4.2763E+00 1.2995E-01  2.0682E+00 3.1416E-02
8.912513E+00  4.2649E+00 1.3217E-01  2.0654E+00 3.1995E-02
9.015713E+00  4.2533E+00 1.3449E-01  2.0626E+00 3.2602E-02
9.120109E+00  4.2414E+00 1.3692E-01  2.0597E+00 3.3237E-02
9.225713E+00  4.2294E+00 1.3945E-01  2.0568E+00 3.3900E-02
9.332544E+00  4.2142E+00 1.4209E-01  2.0532E+00 3.4602E-02
9.440613E+00  4.1994E+00 1.4484E-01  2.0495E+00 3.5334E-02
9.549929E+00  4.1867E+00 1.4772E-01  2.0465E+00 3.6092E-02
9.660510E+00  4.1734E+00 1.5075E-01  2.0432E+00 3.6889E-02
9.772372E+00  4.1599E+00 1.5388E-01  2.0399E+00 3.7716E-02
9.885529E+00  4.1462E+00 1.5715E-01  2.0366E+00 3.8581E-02
1.000000E+01  4.1318E+00 1.6053E-01  2.0331E+00 3.9480E-02
1.011580E+01  4.1143E+00 1.6406E-01  2.0288E+00 4.0433E-02
1.023293E+01  4.0982E+00 1.6774E-01  2.0248E+00 4.1421E-02
1.035142E+01  4.0828E+00 1.7158E-01  2.0210E+00 4.2448E-02
1.047128E+01  4.0644E+00 1.7556E-01  2.0165E+00 4.3531E-02
1.059254E+01  4.0458E+00 1.7970E-01  2.0119E+00 4.4660E-02
1.071519E+01  4.0261E+00 1.8403E-01  2.0070E+00 4.5845E-02
1.083927E+01  4.0039E+00 1.8855E-01  2.0015E+00 4.7101E-02
1.096478E+01  3.9812E+00 1.9327E-01  1.9959E+00 4.8416E-02
1.109175E+01  3.9518E+00 1.9839E-01  1.9885E+00 4.9884E-02
1.122018E+01  3.9080E+00 2.0419E-01  1.9776E+00 5.1627E-02
1.135011E+01  3.8350E+00 2.1219E-01  1.9591E+00 5.4156E-02
1.148154E+01  3.4126E+00 2.8572E-01  1.8489E+00 7.7266E-02
1.161449E+01  4.1843E+00 2.3495E-01  2.0464E+00 5.7408E-02
1.174898E+01  4.0252E+00 2.2789E-01  2.0071E+00 5.6770E-02
1.188502E+01  3.9616E+00 2.3173E-01  1.9912E+00 5.8187E-02
1.202265E+01  3.9181E+00 2.3699E-01  1.9803E+00 5.9836E-02
1.216186E+01  3.8906E+00 2.4343E-01  1.9734E+00 6.1676E-02
1.230269E+01  3.8605E+00 2.4995E-01  1.9658E+00 6.3574E-02
1.244515E+01  3.8352E+00 2.5677E-01  1.9595E+00 6.5521E-02
1.258925E+01  3.8110E+00 2.6386E-01  1.9534E+00 6.7541E-02
1.273503E+01  3.7863E+00 2.7122E-01  1.9471E+00 6.9647E-02
1.288250E+01  3.7614E+00 2.7884E-01  1.9408E+00 7.1838E-02
1.303167E+01  3.7380E+00 2.8675E-01  1.9348E+00 7.4103E-02
1.318257E+01  3.7145E+00 2.9494E-01  1.9288E+00 7.6456E-02
1.333522E+01  3.6883E+00 3.0341E-01  1.9221E+00 7.8927E-02
1.348963E+01  3.6617E+00 3.1219E-01  1.9153E+00 8.1498E-02
1.364583E+01  3.6367E+00 3.2127E-01  1.9089E+00 8.4152E-02
1.380384E+01  3.6108E+00 3.3067E-01  1.9022E+00 8.6917E-02
1.396368E+01  3.5826E+00 3.4038E-01  1.8949E+00 8.9815E-02
1.412537E+01  3.5542E+00 3.5043E-01  1.8875E+00 9.2828E-02
1.428894E+01  3.5269E+00 3.6084E-01  1.8805E+00 9.5944E-02
1.445440E+01  3.4996E+00 3.7160E-01  1.8733E+00 9.9181E-02
1.462177E+01  3.4714E+00 3.8272E-01  1.8660E+00 1.0255E-01
1.479108E+01  3.4426E+00 3.9422E-01  1.8585E+00 1.0606E-01
1.496236E+01  3.4133E+00 4.0611E-01  1.8508E+00 1.0972E-01
1.513561E+01  3.3833E+00 4.1841E-01  1.8429E+00 1.1352E-01
1.531088E+01  3.3528E+00 4.3111E-01  1.8348E+00 1.1748E-01
1.548817E+01  3.3217E+00 4.4423E-01  1.8266E+00 1.2160E-01
1.566751E+01  3.2899E+00 4.5780E-01  1.8182E+00 1.2590E-01
1.584893E+01  3.2575E+00 4.7182E-01  1.8096E+00 1.3037E-01
1.603245E+01  3.2245E+00 4.8630E-01  1.8008E+00 1.3503E-01
1.621810E+01  3.1908E+00 5.0126E-01  1.7918E+00 1.3988E-01
1.640590E+01  3.1565E+00 5.1671E-01  1.7826E+00 1.4493E-01
1.659587E+01  3.1215E+00 5.3266E-01  1.7732E+00 1.5020E-01
1.678804E+01  3.0859E+00 5.4914E-01  1.7636E+00 1.5569E-01
1.698244E+01  3.0495E+00 5.6616E-01  1.7537E+00 1.6141E-01
1.717909E+01  3.0125E+00 5.8373E-01  1.7437E+00 1.6738E-01
1.737801E+01  2.9750E+00 6.0187E-01  1.7335E+00 1.7360E-01
1.757924E+01  2.9365E+00 6.2059E-01  1.7230E+00 1.8009E-01
1.778280E+01  2.8964E+00 6.3991E-01  1.7121E+00 1.8688E-01
1.798871E+01  2.8547E+00 6.5985E-01  1.7007E+00 1.9399E-01
1.819701E+01  2.8123E+00 6.8043E-01  1.6891E+00 2.0142E-01
1.840772E+01  2.7703E+00 7.0166E-01  1.6775E+00 2.0914E-01
1.862087E+01  2.7281E+00 7.2357E-01  1.6659E+00 2.1717E-01
1.883650E+01  2.6854E+00 7.4617E-01  1.6542E+00 2.2554E-01
1.905461E+01  2.6416E+00 7.6949E-01  1.6421E+00 2.3430E-01
1.927525E+01  2.5970E+00 7.9353E-01  1.6298E+00 2.4344E-01
1.949845E+01  2.5516E+00 8.1834E-01  1.6173E+00 2.5300E-01
1.972423E+01  2.5054E+00 8.4392E-01  1.6046E+00 2.6298E-01
1.995262E+01  2.4584E+00 8.7029E-01  1.5916E+00 2.7340E-01
2.018367E+01  2.4105E+00 8.9748E-01  1.5784E+00 2.8430E-01
2.041738E+01  2.3618E+00 9.2551E-01  1.5650E+00 2.9569E-01
2.065380E+01  2.3122E+00 9.5440E-01  1.5514E+00 3.0759E-01
2.089297E+01  2.2618E+00 9.8418E-01  1.5376E+00 3.2004E-01
2.113489E+01  2.2105E+00 1.0149E+00  1.5236E+00 3.3304E-01
2.137962E+01  2.1583E+00 1.0465E+00  1.5095E+00 3.4664E-01
2.162719E+01  2.1052E+00 1.0791E+00  1.4951E+00 3.6086E-01
2.187762E+01  2.0512E+00 1.1126E+00  1.4807E+00 3.7572E-01
2.213095E+01  1.9963E+00 1.1472E+00  1.4661E+00 3.9125E-01
2.238721E+01  1.9405E+00 1.1828E+00  1.4514E+00 4.0748E-01
2.264644E+01  1.8837E+00 1.2195E+00  1.4366E+00 4.2443E-01
2.290867E+01  1.8261E+00 1.2572E+00  1.4218E+00 4.4213E-01
2.317395E+01  1.7674E+00 1.2961E+00  1.4070E+00 4.6061E-01
2.344230E+01  1.7079E+00 1.3362E+00  1.3922E+00 4.7988E-01
2.371374E+01  1.6473E+00 1.3774E+00  1.3774E+00 4.9998E-01
2.398833E+01  1.5858E+00 1.4198E+00  1.3628E+00 5.2091E-01
2.426610E+01  1.5234E+00 1.4634E+00  1.3483E+00 5.4269E-01
2.454708E+01  1.4600E+00 1.5083E+00  1.3340E+00 5.6534E-01
2.483133E+01  1.3955E+00 1.5545E+00  1.3200E+00 5.8886E-01
2.511887E+01  1.3301E+00 1.6021E+00  1.3062E+00 6.1325E-01
2.540973E+01  1.2638E+00 1.6510E+00  1.2928E+00 6.3851E-01
2.570396E+01  1.1964E+00 1.7013E+00  1.2799E+00 6.6462E-01
2.600159E+01  1.1280E+00 1.7530E+00  1.2674E+00 6.9157E-01
2.630269E+01  1.0586E+00 1.8062E+00  1.2554E+00 7.1935E-01
2.660726E+01  9.8819E-01 1.8608E+00  1.2440E+00 7.4791E-01
2.691536E+01  9.1678E-01 1.9170E+00  1.2332E+00 7.7723E-01
2.722702E+01  8.4436E-01 1.9748E+00  1.2231E+00 8.0727E-01
2.754229E+01  7.7092E-01 2.0341E+00  1.2137E+00 8.3798E-01
2.786121E+01  6.9646E-01 2.0951E+00  1.2051E+00 8.6931E-01
2.818383E+01  6.2099E-01 2.1578E+00  1.1972E+00 9.0122E-01
2.851019E+01  5.4449E-01 2.2222E+00  1.1900E+00 9.3366E-01
2.884032E+01  4.6698E-01 2.2883E+00  1.1837E+00 9.6656E-01
2.917427E+01  3.8845E-01 2.3562E+00  1.1782E+00 9.9989E-01
2.951209E+01  3.0890E-01 2.4259E+00  1.1735E+00 1.0336E+00
2.985383E+01  2.2833E-01 2.4975E+00  1.1697E+00 1.0676E+00
3.019952E+01  1.4675E-01 2.5710E+00  1.1666E+00 1.1019E+00
3.054922E+01  6.4160E-02 2.6464E+00  1.1643E+00 1.1365E+00
3.090296E+01 -1.9436E-02 2.7238E+00  1.1629E+00 1.1712E+00
3.126079E+01 -1.0404E-01 2.8032E+00  1.1621E+00 1.2061E+00
3.162277E+01 -1.8964E-01 2.8847E+00  1.1622E+00 1.2411E+00
3.198896E+01 -2.7623E-01 2.9683E+00  1.1629E+00 1.2762E+00
3.235937E+01 -3.6382E-01 3.0540E+00  1.1644E+00 1.3114E+00
3.273408E+01 -4.5238E-01 3.1419E+00  1.1666E+00 1.3466E+00
3.311312E+01 -5.4192E-01 3.2320E+00  1.1694E+00 1.3819E+00
3.349654E+01 -6.3242E-01 3.3244E+00  1.1729E+00 1.4171E+00
3.388443E+01 -7.2388E-01 3.4191E+00  1.1771E+00 1.4524E+00
3.427678E+01 -8.1629E-01 3.5161E+00  1.1818E+00 1.4876E+00
3.467368E+01 -9.0964E-01 3.6155E+00  1.1871E+00 1.5228E+00
3.507520E+01 -1.0039E+00 3.7174E+00  1.1930E+00 1.5580E+00
3.548134E+01 -1.0991E+00 3.8217E+00  1.1995E+00 1.5931E+00
3.589221E+01 -1.1952E+00 3.9285E+00  1.2065E+00 1.6281E+00
3.630781E+01 -1.2922E+00 4.0379E+00  1.2140E+00 1.6631E+00
3.672823E+01 -1.3900E+00 4.1499E+00  1.2220E+00 1.6980E+00
3.715352E+01 -1.4888E+00 4.2646E+00  1.2305E+00 1.7329E+00
3.758373E+01 -1.5883E+00 4.3819E+00  1.2395E+00 1.7677E+00
3.801894E+01 -1.6887E+00 4.5019E+00  1.2489E+00 1.8024E+00
3.845919E+01 -1.7900E+00 4.6248E+00  1.2588E+00 1.8370E+00
3.890452E+01 -1.8920E+00 4.7504E+00  1.2691E+00 1.8715E+00
3.935501E+01 -1.9948E+00 4.8789E+00  1.2799E+00 1.9060E+00
3.981071E+01 -2.0983E+00 5.0102E+00  1.2910E+00 1.9404E+00
4.027171E+01 -2.2026E+00 5.1446E+00  1.3026E+00 1.9747E+00
4.073804E+01 -2.3076E+00 5.2819E+00  1.3146E+00 2.0089E+00
4.120976E+01 -2.4134E+00 5.4222E+00  1.3270E+00 2.0431E+00
4.168694E+01 -2.5198E+00 5.5656E+00  1.3397E+00 2.0772E+00
4.216965E+01 -2.6268E+00 5.7121E+00  1.3528E+00 2.1112E+00
4.265794E+01 -2.7345E+00 5.8617E+00  1.3663E+00 2.1451E+00
4.315191E+01 -2.8428E+00 6.0145E+00  1.3802E+00 2.1789E+00
4.365160E+01 -2.9517E+00 6.1706E+00  1.3944E+00 2.2127E+00
4.415705E+01 -3.0612E+00 6.3299E+00  1.4089E+00 2.2464E+00
4.466836E+01 -3.1712E+00 6.4925E+00  1.4238E+00 2.2800E+00
4.518559E+01 -3.2817E+00 6.6585E+00  1.4390E+00 2.3136E+00
4.570883E+01 -3.3927E+00 6.8279E+00  1.4546E+00 2.3470E+00
4.623810E+01 -3.5042E+00 7.0007E+00  1.4705E+00 2.3804E+00
4.677353E+01 -3.6161E+00 7.1769E+00  1.4867E+00 2.4138E+00
4.731513E+01 -3.7284E+00 7.3567E+00  1.5032E+00 2.4470E+00
4.786301E+01 -3.8411E+00 7.5399E+00  1.5200E+00 2.4802E+00
4.841725E+01 -3.9542E+00 7.7268E+00  1.5371E+00 2.5134E+00
4.897789E+01 -4.0676E+00 7.9173E+00  1.5546E+00 2.5464E+00
4.954502E+01 -4.1812E+00 8.1114E+00  1.5723E+00 2.5794E+00
5.011874E+01 -4.2952E+00 8.3092E+00  1.5904E+00 2.6124E+00
5.069908E+01 -4.4093E+00 8.5107E+00  1.6087E+00 2.6452E+00
5.128613E+01 -4.5237E+00 8.7160E+00  1.6273E+00 2.6780E+00
5.188002E+01 -4.6383E+00 8.9250E+00  1.6462E+00 2.7108E+00
5.248075E+01 -4.7530E+00 9.1379E+00  1.6654E+00 2.7435E+00
5.308844E+01 -4.8678E+00 9.3546E+00  1.6849E+00 2.7761E+00
5.370319E+01 -4.9827E+00 9.5752E+00  1.7046E+00 2.8086E+00
5.432503E+01 -5.0977E+00 9.7997E+00  1.7246E+00 2.8411E+00
5.495410E+01 -5.2127E+00 1.0028E+01  1.7449E+00 2.8736E+00
5.559044E+01 -5.3277E+00 1.0261E+01  1.7655E+00 2.9059E+00
5.623413E+01 -5.4426E+00 1.0497E+01  1.7863E+00 2.9383E+00
5.688528E+01 -5.5575E+00 1.0738E+01  1.8074E+00 2.9705E+00
5.754400E+01 -5.6723E+00 1.0982E+01  1.8287E+00 3.0027E+00
5.821032E+01 -5.7870E+00 1.1231E+01  1.8503E+00 3.0349E+00
5.888438E+01 -5.9015E+00 1.1484E+01  1.8721E+00 3.0670E+00
5.956622E+01 -6.0158E+00 1.1741E+01  1.8942E+00 3.0990E+00
6.025595E+01 -6.1299E+00 1.2002E+01  1.9166E+00 3.1310E+00
6.095367E+01 -6.2438E+00 1.2267E+01  1.9392E+00 3.1629E+00
6.165950E+01 -6.3574E+00 1.2536E+01  1.9620E+00 3.1948E+00
6.237350E+01 -6.4707E+00 1.2810E+01  1.9851E+00 3.2266E+00
6.309575E+01 -6.5836E+00 1.3088E+01  2.0084E+00 3.2584E+00
6.382635E+01 -6.6962E+00 1.3371E+01  2.0319E+00 3.2901E+00
6.456541E+01 -6.8084E+00 1.3657E+01  2.0557E+00 3.3218E+00
6.531304E+01 -6.9202E+00 1.3948E+01  2.0797E+00 3.3534E+00
6.606937E+01 -7.0316E+00 1.4244E+01  2.1040E+00 3.3850E+00
6.683441E+01 -7.1425E+00 1.4544E+01  2.1284E+00 3.4165E+00
6.760831E+01 -7.2528E+00 1.4848E+01  2.1531E+00 3.4480E+00
6.839117E+01 -7.3627E+00 1.5157E+01  2.1780E+00 3.4794E+00
6.918308E+01 -7.4720E+00 1.5470E+01  2.2032E+00 3.5108E+00
6.998421E+01 -7.5807E+00 1.5788E+01  2.2285E+00 3.5422E+00
7.079461E+01 -7.6889E+00 1.6110E+01  2.2541E+00 3.5735E+00
7.161436E+01 -7.7964E+00 1.6437E+01  2.2799E+00 3.6047E+00
7.244360E+01 -7.9033E+00 1.6768E+01  2.3058E+00 3.6360E+00
7.328245E+01 -8.0095E+00 1.7104E+01  2.3320E+00 3.6671E+00
7.413103E+01 -8.1151E+00 1.7444E+01  2.3584E+00 3.6983E+00
7.498943E+01 -8.2199E+00 1.7789E+01  2.3850E+00 3.7294E+00
7.585778E+01 -8.3240E+00 1.8139E+01  2.4118E+00 3.7604E+00
7.673617E+01 -8.4273E+00 1.8494E+01  2.4388E+00 3.7915E+00
7.762472E+01 -8.5299E+00 1.8853E+01  2.4660E+00 3.8225E+00
7.852355E+01 -8.6317E+00 1.9217E+01  2.4934E+00 3.8534E+00
7.943284E+01 -8.7327E+00 1.9585E+01  2.5210E+00 3.8844E+00
8.035262E+01 -8.8329E+00 1.9959E+01  2.5488E+00 3.9153E+00
8.128307E+01 -8.9322E+00 2.0337E+01  2.5768E+00 3.9461E+00
8.222427E+01 -9.0307E+00 2.0720E+01  2.6050E+00 3.9770E+00
8.317638E+01 -9.1283E+00 2.1108E+01  2.6333E+00 4.0078E+00
8.413953E+01 -9.2251E+00 2.1500E+01  2.6618E+00 4.0386E+00
8.511382E+01 -9.3209E+00 2.1898E+01  2.6905E+00 4.0694E+00
8.609937E+01 -9.4158E+00 2.2300E+01  2.7194E+00 4.1001E+00
8.709638E+01 -9.5099E+00 2.2707E+01  2.7485E+00 4.1309E+00
8.810489E+01 -9.6029E+00 2.3120E+01  2.7778E+00 4.1616E+00
8.912508E+01 -9.6951E+00 2.3537E+01  2.8072E+00 4.1923E+00
9.015713E+01 -9.7863E+00 2.3959E+01  2.8368E+00 4.2230E+00
9.120109E+01 -9.8765E+00 2.4387E+01  2.8666E+00 4.2537E+00
9.225713E+01 -9.9658E+00 2.4819E+01  2.8965E+00 4.2843E+00
9.332540E+01 -1.0054E+01 2.5257E+01  2.9266E+00 4.3150E+00
9.440609E+01 -1.0141E+01 2.5699E+01  2.9569E+00 4.3456E+00
9.549924E+01 -1.0228E+01 2.6147E+01  2.9873E+00 4.3763E+00
9.660515E+01 -1.0313E+01 2.6600E+01  3.0179E+00 4.4069E+00
9.772377E+01 -1.0397E+01 2.7058E+01  3.0487E+00 4.4376E+00
9.885534E+01 -1.0481E+01 2.7521E+01  3.0797E+00 4.4682E+00
1.000000E+02 -1.0563E+01 2.7990E+01  3.1108E+00 4.4989E+00
