astrosilicate (Draine 2003, Astrophys J 598, 1026)
1 4 5 2 3 = columns for wave, Re(n), Im(n), eps1, eps2
  wave(um)      eps_1      eps_2       Re(n)       Im(n)
1.000000E-01  1.6727E+00 2.9471E+00  1.5908E+00 9.2629E-01
1.011580E-01  1.7726E+00 2.9845E+00  1.6192E+00 9.2159E-01
1.023293E-01  1.8820E+00 3.0107E+00  1.6481E+00 9.1337E-01
1.035142E-01  2.0110E+00 3.0120E+00  1.6782E+00 8.9740E-01
1.047129E-01  2.1368E+00 2.9959E+00  1.7054E+00 8.7837E-01
1.059254E-01  2.2372E+00 2.9653E+00  1.7251E+00 8.5946E-01
1.071519E-01  2.3209E+00 2.9301E+00  1.7405E+00 8.4174E-01
1.083927E-01  2.3963E+00 2.8952E+00  1.7542E+00 8.2521E-01
1.096478E-01  2.4691E+00 2.8637E+00  1.7678E+00 8.0996E-01
1.109175E-01  2.5378E+00 2.8329E+00  1.7806E+00 7.9548E-01
1.122019E-01  2.6033E+00 2.8022E+00  1.7928E+00 7.8151E-01
1.135011E-01  2.6662E+00 2.7718E+00  1.8044E+00 7.6804E-01
1.148154E-01  2.7264E+00 2.7418E+00  1.8156E+00 7.5505E-01
1.161449E-01  2.7854E+00 2.7122E+00  1.8266E+00 7.4241E-01
1.174898E-01  2.8427E+00 2.6830E+00  1.8373E+00 7.3014E-01
1.188502E-01  2.8983E+00 2.6540E+00  1.8477E+00 7.1818E-01
1.202264E-01  2.9527E+00 2.6252E+00  1.8579E+00 7.0649E-01
1.216186E-01  3.0062E+00 2.5967E+00  1.8680E+00 6.9507E-01
1.230269E-01  3.0597E+00 2.5688E+00  1.8781E+00 6.8387E-01
1.244515E-01  3.1127E+00 2.5412E+00  1.8883E+00 6.7291E-01
1.258926E-01  3.1651E+00 2.5139E+00  1.8983E+00 6.6214E-01
1.273503E-01  3.2171E+00 2.4867E+00  1.9083E+00 6.5154E-01
1.288250E-01  3.2702E+00 2.4598E+00  1.9186E+00 6.4104E-01
1.303167E-01  3.3245E+00 2.4334E+00  1.9293E+00 6.3063E-01
1.318257E-01  3.3791E+00 2.4073E+00  1.9401E+00 6.2041E-01
1.333522E-01  3.4350E+00 2.3816E+00  1.9513E+00 6.1026E-01
1.348963E-01  3.4936E+00 2.3559E+00  1.9631E+00 6.0005E-01
1.364583E-01  3.5553E+00 2.3306E+00  1.9757E+00 5.8982E-01
1.380384E-01  3.6212E+00 2.3058E+00  1.9892E+00 5.7958E-01
1.396368E-01  3.6924E+00 2.2816E+00  2.0041E+00 5.6923E-01
1.412538E-01  3.7736E+00 2.2571E+00  2.0212E+00 5.5835E-01
1.428894E-01  3.8741E+00 2.2243E+00  2.0422E+00 5.4457E-01
1.445440E-01  3.9905E+00 2.1662E+00  2.0653E+00 5.2442E-01
1.462177E-01  4.1026E+00 2.0787E+00  2.0859E+00 4.9828E-01
1.479109E-01  4.1965E+00 1.9691E+00  2.1014E+00 4.6851E-01
1.496236E-01  4.2709E+00 1.8439E+00  2.1122E+00 4.3649E-01
1.513561E-01  4.3257E+00 1.7070E+00  2.1185E+00 4.0287E-01
1.531088E-01  4.3620E+00 1.5706E+00  2.1211E+00 3.7022E-01
1.548817E-01  4.3805E+00 1.4354E+00  2.1202E+00 3.3852E-01
1.566751E-01  4.3810E+00 1.3081E+00  2.1158E+00 3.0912E-01
1.584893E-01  4.3676E+00 1.1874E+00  2.1087E+00 2.8154E-01
1.603245E-01  4.3416E+00 1.0738E+00  2.0993E+00 2.5575E-01
1.621810E-01  4.3092E+00 9.7017E-01  2.0888E+00 2.3223E-01
1.640590E-01  4.2705E+00 8.7548E-01  2.0772E+00 2.1073E-01
1.659587E-01  4.2270E+00 7.9041E-01  2.0648E+00 1.9140E-01
1.678804E-01  4.1826E+00 7.1494E-01  2.0525E+00 1.7416E-01
1.698244E-01  4.1371E+00 6.4659E-01  2.0401E+00 1.5847E-01
1.717908E-01  4.0889E+00 5.8620E-01  2.0273E+00 1.4458E-01
1.737801E-01  4.0412E+00 5.3129E-01  2.0146E+00 1.3186E-01
1.757924E-01  3.9943E+00 4.8146E-01  2.0022E+00 1.2023E-01
1.778279E-01  3.9482E+00 4.3646E-01  1.9900E+00 1.0966E-01
1.798871E-01  3.9030E+00 3.9607E-01  1.9781E+00 1.0011E-01
1.819701E-01  3.8590E+00 3.6034E-01  1.9666E+00 9.1616E-02
1.840772E-01  3.8163E+00 3.2823E-01  1.9553E+00 8.3932E-02
1.862087E-01  3.7748E+00 2.9954E-01  1.9444E+00 7.7026E-02
1.883649E-01  3.7345E+00 2.7410E-01  1.9338E+00 7.0872E-02
1.905461E-01  3.6958E+00 2.5132E-01  1.9235E+00 6.5327E-02
1.927525E-01  3.6590E+00 2.2972E-01  1.9138E+00 6.0016E-02
1.949845E-01  3.6236E+00 2.1023E-01  1.9044E+00 5.5196E-02
1.972423E-01  3.5893E+00 1.9276E-01  1.8952E+00 5.0854E-02
1.995262E-01  3.5563E+00 1.7722E-01  1.8864E+00 4.6973E-02
2.018367E-01  3.5240E+00 1.6338E-01  1.8777E+00 4.3506E-02
2.041738E-01  3.4925E+00 1.5121E-01  1.8693E+00 4.0446E-02
2.065380E-01  3.4620E+00 1.4064E-01  1.8610E+00 3.7787E-02
2.089296E-01  3.4323E+00 1.3162E-01  1.8530E+00 3.5517E-02
2.113489E-01  3.4043E+00 1.2389E-01  1.8454E+00 3.3569E-02
2.137962E-01  3.3780E+00 1.1732E-01  1.8382E+00 3.1911E-02
2.162719E-01  3.3520E+00 1.1177E-01  1.8311E+00 3.0521E-02
2.187762E-01  3.3275E+00 1.0728E-01  1.8244E+00 2.9402E-02
2.213095E-01  3.3040E+00 1.0372E-01  1.8179E+00 2.8526E-02
2.238721E-01  3.2811E+00 1.0113E-01  1.8116E+00 2.7911E-02
2.264644E-01  3.2599E+00 9.9432E-02  1.8057E+00 2.7532E-02
2.290868E-01  3.2405E+00 9.8470E-02  1.8003E+00 2.7348E-02
2.317395E-01  3.2224E+00 9.7887E-02  1.7953E+00 2.7262E-02
2.344229E-01  3.2053E+00 9.7558E-02  1.7905E+00 2.7243E-02
2.371374E-01  3.1887E+00 9.7526E-02  1.7859E+00 2.7304E-02
2.398833E-01  3.1739E+00 9.7760E-02  1.7818E+00 2.7434E-02
2.426610E-01  3.1601E+00 9.8612E-02  1.7779E+00 2.7733E-02
2.454709E-01  3.1468E+00 9.9294E-02  1.7742E+00 2.7984E-02
2.483133E-01  3.1343E+00 9.9789E-02  1.7706E+00 2.8179E-02
2.511886E-01  3.1224E+00 1.0004E-01  1.7673E+00 2.8303E-02
2.540973E-01  3.1112E+00 1.0010E-01  1.7641E+00 2.8371E-02
2.570396E-01  3.1005E+00 1.0011E-01  1.7610E+00 2.8423E-02
2.600160E-01  3.0903E+00 1.0012E-01  1.7582E+00 2.8472E-02
2.630268E-01  3.0807E+00 1.0015E-01  1.7554E+00 2.8526E-02
2.660725E-01  3.0715E+00 1.0018E-01  1.7528E+00 2.8576E-02
2.691535E-01  3.0627E+00 1.0020E-01  1.7503E+00 2.8623E-02
2.722701E-01  3.0542E+00 1.0021E-01  1.7479E+00 2.8667E-02
2.754229E-01  3.0462E+00 1.0022E-01  1.7456E+00 2.8708E-02
2.786121E-01  3.0384E+00 1.0022E-01  1.7433E+00 2.8745E-02
2.818383E-01  3.0310E+00 1.0022E-01  1.7412E+00 2.8779E-02
2.851018E-01  3.0238E+00 1.0021E-01  1.7391E+00 2.8811E-02
2.884032E-01  3.0166E+00 1.0021E-01  1.7371E+00 2.8846E-02
2.917427E-01  3.0097E+00 1.0022E-01  1.7351E+00 2.8880E-02
2.951209E-01  3.0032E+00 1.0025E-01  1.7332E+00 2.8919E-02
2.985383E-01  2.9970E+00 1.0027E-01  1.7314E+00 2.8956E-02
3.019952E-01  2.9910E+00 1.0029E-01  1.7297E+00 2.8990E-02
3.054921E-01  2.9854E+00 1.0031E-01  1.7281E+00 2.9023E-02
3.090296E-01  2.9800E+00 1.0032E-01  1.7265E+00 2.9053E-02
3.126079E-01  2.9748E+00 1.0032E-01  1.7250E+00 2.9078E-02
3.162278E-01  2.9699E+00 1.0032E-01  1.7236E+00 2.9102E-02
3.198895E-01  2.9652E+00 1.0032E-01  1.7222E+00 2.9124E-02
3.235937E-01  2.9607E+00 1.0031E-01  1.7209E+00 2.9146E-02
3.273407E-01  2.9563E+00 1.0032E-01  1.7196E+00 2.9168E-02
3.311311E-01  2.9519E+00 1.0033E-01  1.7184E+00 2.9194E-02
3.349654E-01  2.9477E+00 1.0035E-01  1.7171E+00 2.9221E-02
3.388442E-01  2.9435E+00 1.0037E-01  1.7159E+00 2.9247E-02
3.427678E-01  2.9395E+00 1.0039E-01  1.7148E+00 2.9272E-02
3.467369E-01  2.9357E+00 1.0040E-01  1.7136E+00 2.9295E-02
3.507519E-01  2.9320E+00 1.0041E-01  1.7126E+00 2.9315E-02
3.548134E-01  2.9284E+00 1.0041E-01  1.7115E+00 2.9335E-02
3.589220E-01  2.9250E+00 1.0042E-01  1.7105E+00 2.9354E-02
3.630781E-01  2.9216E+00 1.0042E-01  1.7095E+00 2.9372E-02
3.672823E-01  2.9184E+00 1.0044E-01  1.7086E+00 2.9391E-02
3.715352E-01  2.9154E+00 1.0045E-01  1.7077E+00 2.9412E-02
3.758374E-01  2.9125E+00 1.0048E-01  1.7069E+00 2.9433E-02
3.801894E-01  2.9097E+00 1.0050E-01  1.7060E+00 2.9454E-02
3.845918E-01  2.9070E+00 1.0053E-01  1.7053E+00 2.9475E-02
3.890452E-01  2.9045E+00 1.0055E-01  1.7045E+00 2.9496E-02
3.935501E-01  2.9020E+00 1.0058E-01  1.7038E+00 2.9515E-02
3.981072E-01  2.8996E+00 1.0059E-01  1.7031E+00 2.9533E-02
4.027171E-01  2.8972E+00 1.0061E-01  1.7024E+00 2.9549E-02
4.073803E-01  2.8949E+00 1.0062E-01  1.7017E+00 2.9564E-02
4.120975E-01  2.8927E+00 1.0062E-01  1.7011E+00 2.9577E-02
4.168694E-01  2.8905E+00 1.0063E-01  1.7004E+00 2.9589E-02
4.216965E-01  2.8884E+00 1.0062E-01  1.6998E+00 2.9599E-02
4.265795E-01  2.8863E+00 1.0062E-01  1.6992E+00 2.9608E-02
4.315191E-01  2.8843E+00 1.0061E-01  1.6986E+00 2.9616E-02
4.365158E-01  2.8825E+00 1.0062E-01  1.6980E+00 2.9629E-02
4.415705E-01  2.8808E+00 1.0064E-01  1.6976E+00 2.9643E-02
4.466836E-01  2.8792E+00 1.0065E-01  1.6971E+00 2.9653E-02
4.518560E-01  2.8777E+00 1.0065E-01  1.6966E+00 2.9662E-02
4.570882E-01  2.8762E+00 1.0066E-01  1.6962E+00 2.9673E-02
4.623810E-01  2.8747E+00 1.0067E-01  1.6958E+00 2.9683E-02
4.677352E-01  2.8733E+00 1.0068E-01  1.6953E+00 2.9693E-02
4.731513E-01  2.8719E+00 1.0069E-01  1.6949E+00 2.9704E-02
4.786301E-01  2.8705E+00 1.0071E-01  1.6945E+00 2.9715E-02
4.841724E-01  2.8692E+00 1.0072E-01  1.6941E+00 2.9726E-02
4.897789E-01  2.8678E+00 1.0073E-01  1.6937E+00 2.9738E-02
4.954502E-01  2.8665E+00 1.0075E-01  1.6933E+00 2.9749E-02
5.011873E-01  2.8652E+00 1.0077E-01  1.6930E+00 2.9761E-02
5.069907E-01  2.8640E+00 1.0079E-01  1.6926E+00 2.9773E-02
5.128614E-01  2.8628E+00 1.0081E-01  1.6922E+00 2.9785E-02
5.188001E-01  2.8617E+00 1.0083E-01  1.6919E+00 2.9797E-02
5.248075E-01  2.8606E+00 1.0085E-01  1.6916E+00 2.9809E-02
5.308844E-01  2.8595E+00 1.0087E-01  1.6913E+00 2.9821E-02
5.370318E-01  2.8585E+00 1.0090E-01  1.6910E+00 2.9834E-02
5.432504E-01  2.8576E+00 1.0092E-01  1.6907E+00 2.9846E-02
5.495409E-01  2.8566E+00 1.0095E-01  1.6904E+00 2.9859E-02
5.559043E-01  2.8558E+00 1.0098E-01  1.6902E+00 2.9871E-02
5.623413E-01  2.8550E+00 1.0100E-01  1.6899E+00 2.9884E-02
5.688530E-01  2.8542E+00 1.0103E-01  1.6897E+00 2.9896E-02
5.754400E-01  2.8535E+00 1.0106E-01  1.6895E+00 2.9909E-02
5.821033E-01  2.8528E+00 1.0109E-01  1.6893E+00 2.9922E-02
5.888437E-01  2.8522E+00 1.0113E-01  1.6891E+00 2.9935E-02
5.956622E-01  2.8516E+00 1.0116E-01  1.6889E+00 2.9948E-02
6.025596E-01  2.8510E+00 1.0119E-01  1.6888E+00 2.9961E-02
6.095370E-01  2.8505E+00 1.0123E-01  1.6886E+00 2.9974E-02
6.165950E-01  2.8500E+00 1.0126E-01  1.6884E+00 2.9987E-02
6.237348E-01  2.8495E+00 1.0130E-01  1.6883E+00 3.0001E-02
6.309574E-01  2.8490E+00 1.0134E-01  1.6882E+00 3.0014E-02
6.382635E-01  2.8486E+00 1.0138E-01  1.6881E+00 3.0027E-02
6.456543E-01  2.8483E+00 1.0141E-01  1.6879E+00 3.0041E-02
6.531306E-01  2.8479E+00 1.0145E-01  1.6878E+00 3.0054E-02
6.606935E-01  2.8476E+00 1.0150E-01  1.6877E+00 3.0070E-02
6.683440E-01  2.8472E+00 1.0155E-01  1.6876E+00 3.0087E-02
6.760830E-01  2.8469E+00 1.0161E-01  1.6875E+00 3.0105E-02
6.839117E-01  2.8466E+00 1.0166E-01  1.6875E+00 3.0123E-02
6.918310E-01  2.8463E+00 1.0172E-01  1.6874E+00 3.0141E-02
6.998420E-01  2.8461E+00 1.0178E-01  1.6873E+00 3.0159E-02
7.079458E-01  2.8457E+00 1.0184E-01  1.6872E+00 3.0180E-02
7.161434E-01  2.8453E+00 1.0190E-01  1.6871E+00 3.0201E-02
7.244360E-01  2.8449E+00 1.0197E-01  1.6870E+00 3.0222E-02
7.328246E-01  2.8446E+00 1.0203E-01  1.6869E+00 3.0242E-02
7.413103E-01  2.8443E+00 1.0209E-01  1.6868E+00 3.0263E-02
7.498943E-01  2.8440E+00 1.0216E-01  1.6867E+00 3.0284E-02
7.585776E-01  2.8437E+00 1.0222E-01  1.6866E+00 3.0305E-02
7.673615E-01  2.8434E+00 1.0229E-01  1.6865E+00 3.0325E-02
7.762471E-01  2.8432E+00 1.0235E-01  1.6865E+00 3.0346E-02
7.852356E-01  2.8430E+00 1.0242E-01  1.6864E+00 3.0367E-02
7.943283E-01  2.8428E+00 1.0249E-01  1.6863E+00 3.0387E-02
8.035262E-01  2.8426E+00 1.0255E-01  1.6863E+00 3.0408E-02
8.128306E-01  2.8425E+00 1.0262E-01  1.6863E+00 3.0428E-02
8.222427E-01  2.8424E+00 1.0268E-01  1.6862E+00 3.0448E-02
8.317638E-01  2.8424E+00 1.0275E-01  1.6862E+00 3.0468E-02
8.413952E-01  2.8423E+00 1.0282E-01  1.6862E+00 3.0487E-02
8.511381E-01  2.8423E+00 1.0288E-01  1.6862E+00 3.0507E-02
8.609938E-01  2.8423E+00 1.0295E-01  1.6862E+00 3.0527E-02
8.709636E-01  2.8423E+00 1.0301E-01  1.6862E+00 3.0546E-02
8.810489E-01  2.8423E+00 1.0308E-01  1.6862E+00 3.0565E-02
8.912510E-01  2.8423E+00 1.0314E-01  1.6862E+00 3.0584E-02
9.015712E-01  2.8423E+00 1.0321E-01  1.6862E+00 3.0603E-02
9.120109E-01  2.8424E+00 1.0327E-01  1.6862E+00 3.0621E-02
9.225715E-01  2.8424E+00 1.0333E-01  1.6862E+00 3.0639E-02
9.332544E-01  2.8424E+00 1.0339E-01  1.6862E+00 3.0658E-02
9.440609E-01  2.8425E+00 1.0345E-01  1.6862E+00 3.0676E-02
9.549927E-01  2.8425E+00 1.0352E-01  1.6862E+00 3.0695E-02
9.660509E-01  2.8425E+00 1.0358E-01  1.6863E+00 3.0713E-02
9.772373E-01  2.8426E+00 1.0365E-01  1.6863E+00 3.0732E-02
9.885532E-01  2.8426E+00 1.0371E-01  1.6863E+00 3.0751E-02
1.000000E+00  2.8427E+00 1.0378E-01  1.6863E+00 3.0770E-02
1.011580E+00  2.8427E+00 1.0385E-01  1.6863E+00 3.0792E-02
1.023293E+00  2.8427E+00 1.0392E-01  1.6863E+00 3.0814E-02
1.035142E+00  2.8427E+00 1.0400E-01  1.6863E+00 3.0836E-02
1.047129E+00  2.8427E+00 1.0408E-01  1.6863E+00 3.0859E-02
1.059254E+00  2.8427E+00 1.0415E-01  1.6863E+00 3.0882E-02
1.071519E+00  2.8427E+00 1.0423E-01  1.6863E+00 3.0905E-02
1.083927E+00  2.8427E+00 1.0431E-01  1.6863E+00 3.0929E-02
1.096478E+00  2.8427E+00 1.0439E-01  1.6863E+00 3.0952E-02
1.109175E+00  2.8427E+00 1.0447E-01  1.6863E+00 3.0976E-02
1.122019E+00  2.8427E+00 1.0455E-01  1.6863E+00 3.1000E-02
1.135011E+00  2.8426E+00 1.0463E-01  1.6863E+00 3.1024E-02
1.148154E+00  2.8426E+00 1.0471E-01  1.6863E+00 3.1047E-02
1.161449E+00  2.8425E+00 1.0478E-01  1.6863E+00 3.1070E-02
1.174898E+00  2.8424E+00 1.0486E-01  1.6862E+00 3.1093E-02
1.188502E+00  2.8423E+00 1.0494E-01  1.6862E+00 3.1116E-02
1.202265E+00  2.8422E+00 1.0501E-01  1.6862E+00 3.1139E-02
1.216186E+00  2.8421E+00 1.0509E-01  1.6862E+00 3.1162E-02
1.230269E+00  2.8420E+00 1.0516E-01  1.6861E+00 3.1185E-02
1.244515E+00  2.8417E+00 1.0525E-01  1.6860E+00 3.1214E-02
1.258925E+00  2.8413E+00 1.0539E-01  1.6859E+00 3.1257E-02
1.273503E+00  2.8412E+00 1.0554E-01  1.6859E+00 3.1301E-02
1.288250E+00  2.8412E+00 1.0569E-01  1.6859E+00 3.1347E-02
1.303167E+00  2.8413E+00 1.0585E-01  1.6859E+00 3.1394E-02
1.318257E+00  2.8414E+00 1.0603E-01  1.6859E+00 3.1444E-02
1.333522E+00  2.8415E+00 1.0620E-01  1.6860E+00 3.1495E-02
1.348963E+00  2.8416E+00 1.0637E-01  1.6860E+00 3.1546E-02
1.364583E+00  2.8416E+00 1.0655E-01  1.6860E+00 3.1597E-02
1.380384E+00  2.8415E+00 1.0672E-01  1.6860E+00 3.1649E-02
1.396368E+00  2.8413E+00 1.0688E-01  1.6859E+00 3.1698E-02
1.412538E+00  2.8410E+00 1.0704E-01  1.6858E+00 3.1748E-02
1.428894E+00  2.8407E+00 1.0721E-01  1.6857E+00 3.1799E-02
1.445440E+00  2.8405E+00 1.0738E-01  1.6857E+00 3.1850E-02
1.462177E+00  2.8402E+00 1.0755E-01  1.6856E+00 3.1902E-02
1.479109E+00  2.8402E+00 1.0773E-01  1.6856E+00 3.1956E-02
1.496236E+00  2.8402E+00 1.0792E-01  1.6856E+00 3.2011E-02
1.513561E+00  2.8402E+00 1.0810E-01  1.6856E+00 3.2067E-02
1.531088E+00  2.8402E+00 1.0829E-01  1.6856E+00 3.2122E-02
1.548817E+00  2.8402E+00 1.0847E-01  1.6856E+00 3.2177E-02
1.566751E+00  2.8400E+00 1.0864E-01  1.6855E+00 3.2228E-02
1.584893E+00  2.8397E+00 1.0881E-01  1.6854E+00 3.2279E-02
1.603246E+00  2.8394E+00 1.0898E-01  1.6854E+00 3.2330E-02
1.621810E+00  2.8391E+00 1.0914E-01  1.6853E+00 3.2382E-02
1.640590E+00  2.8387E+00 1.0931E-01  1.6852E+00 3.2434E-02
1.659587E+00  2.8384E+00 1.0948E-01  1.6851E+00 3.2486E-02
1.678804E+00  2.8381E+00 1.0966E-01  1.6850E+00 3.2539E-02
1.698244E+00  2.8378E+00 1.0984E-01  1.6849E+00 3.2595E-02
1.717909E+00  2.8374E+00 1.1003E-01  1.6848E+00 3.2653E-02
1.737801E+00  2.8371E+00 1.1023E-01  1.6847E+00 3.2714E-02
1.757924E+00  2.8367E+00 1.1043E-01  1.6846E+00 3.2778E-02
1.778280E+00  2.8363E+00 1.1065E-01  1.6844E+00 3.2845E-02
1.798871E+00  2.8358E+00 1.1089E-01  1.6843E+00 3.2918E-02
1.819701E+00  2.8353E+00 1.1114E-01  1.6842E+00 3.2995E-02
1.840772E+00  2.8348E+00 1.1139E-01  1.6840E+00 3.3073E-02
1.862087E+00  2.8342E+00 1.1165E-01  1.6838E+00 3.3154E-02
1.883649E+00  2.8337E+00 1.1192E-01  1.6837E+00 3.3237E-02
1.905461E+00  2.8331E+00 1.1220E-01  1.6835E+00 3.3322E-02
1.927525E+00  2.8326E+00 1.1247E-01  1.6834E+00 3.3408E-02
1.949845E+00  2.8321E+00 1.1276E-01  1.6832E+00 3.3494E-02
1.972423E+00  2.8316E+00 1.1304E-01  1.6831E+00 3.3582E-02
1.995262E+00  2.8311E+00 1.1333E-01  1.6829E+00 3.3671E-02
2.018367E+00  2.8306E+00 1.1363E-01  1.6828E+00 3.3762E-02
2.041738E+00  2.8302E+00 1.1393E-01  1.6826E+00 3.3853E-02
2.065380E+00  2.8297E+00 1.1423E-01  1.6825E+00 3.3946E-02
2.089296E+00  2.8290E+00 1.1452E-01  1.6823E+00 3.4037E-02
2.113489E+00  2.8282E+00 1.1481E-01  1.6821E+00 3.4128E-02
2.137962E+00  2.8273E+00 1.1512E-01  1.6818E+00 3.4225E-02
2.162719E+00  2.8263E+00 1.1544E-01  1.6815E+00 3.4326E-02
2.187762E+00  2.8254E+00 1.1577E-01  1.6812E+00 3.4429E-02
2.213095E+00  2.8246E+00 1.1610E-01  1.6810E+00 3.4534E-02
2.238721E+00  2.8240E+00 1.1644E-01  1.6808E+00 3.4637E-02
2.264644E+00  2.8233E+00 1.1678E-01  1.6806E+00 3.4742E-02
2.290868E+00  2.8226E+00 1.1712E-01  1.6804E+00 3.4848E-02
2.317395E+00  2.8217E+00 1.1746E-01  1.6802E+00 3.4955E-02
2.344229E+00  2.8208E+00 1.1780E-01  1.6799E+00 3.5062E-02
2.371374E+00  2.8197E+00 1.1814E-01  1.6796E+00 3.5171E-02
2.398833E+00  2.8186E+00 1.1849E-01  1.6792E+00 3.5280E-02
2.426610E+00  2.8173E+00 1.1883E-01  1.6789E+00 3.5390E-02
2.454709E+00  2.8158E+00 1.1917E-01  1.6784E+00 3.5501E-02
2.483133E+00  2.8143E+00 1.1952E-01  1.6780E+00 3.5614E-02
2.511887E+00  2.8133E+00 1.1989E-01  1.6777E+00 3.5732E-02
2.540973E+00  2.8122E+00 1.2027E-01  1.6773E+00 3.5852E-02
2.570396E+00  2.8110E+00 1.2066E-01  1.6770E+00 3.5975E-02
2.600160E+00  2.8098E+00 1.2106E-01  1.6766E+00 3.6101E-02
2.630268E+00  2.8084E+00 1.2146E-01  1.6762E+00 3.6229E-02
2.660725E+00  2.8070E+00 1.2187E-01  1.6758E+00 3.6360E-02
2.691535E+00  2.8055E+00 1.2228E-01  1.6754E+00 3.6493E-02
2.722702E+00  2.8039E+00 1.2270E-01  1.6749E+00 3.6628E-02
2.754229E+00  2.8023E+00 1.2312E-01  1.6744E+00 3.6766E-02
2.786121E+00  2.8006E+00 1.2354E-01  1.6739E+00 3.6903E-02
2.818383E+00  2.7988E+00 1.2397E-01  1.6734E+00 3.7042E-02
2.851018E+00  2.7970E+00 1.2440E-01  1.6728E+00 3.7184E-02
2.884032E+00  2.7951E+00 1.2484E-01  1.6723E+00 3.7328E-02
2.917427E+00  2.7932E+00 1.2529E-01  1.6717E+00 3.7473E-02
2.951209E+00  2.7912E+00 1.2574E-01  1.6711E+00 3.7621E-02
2.985383E+00  2.7891E+00 1.2619E-01  1.6705E+00 3.7771E-02
3.019952E+00  2.7870E+00 1.2665E-01  1.6699E+00 3.7922E-02
3.054921E+00  2.7849E+00 1.2711E-01  1.6692E+00 3.8075E-02
3.090296E+00  2.7827E+00 1.2758E-01  1.6686E+00 3.8229E-02
3.126080E+00  2.7804E+00 1.2812E-01  1.6679E+00 3.8408E-02
3.162278E+00  2.7781E+00 1.2871E-01  1.6672E+00 3.8600E-02
3.198895E+00  2.7758E+00 1.2932E-01  1.6665E+00 3.8798E-02
3.235937E+00  2.7734E+00 1.2994E-01  1.6658E+00 3.9001E-02
3.273407E+00  2.7710E+00 1.3055E-01  1.6651E+00 3.9201E-02
3.311312E+00  2.7684E+00 1.3108E-01  1.6643E+00 3.9378E-02
3.349655E+00  2.7657E+00 1.3158E-01  1.6635E+00 3.9550E-02
3.388442E+00  2.7629E+00 1.3207E-01  1.6627E+00 3.9716E-02
3.427678E+00  2.7601E+00 1.3252E-01  1.6618E+00 3.9872E-02
3.467369E+00  2.7572E+00 1.3296E-01  1.6610E+00 4.0024E-02
3.507519E+00  2.7541E+00 1.3338E-01  1.6600E+00 4.0175E-02
3.548134E+00  2.7510E+00 1.3380E-01  1.6591E+00 4.0323E-02
3.589220E+00  2.7477E+00 1.3421E-01  1.6581E+00 4.0470E-02
3.630781E+00  2.7443E+00 1.3461E-01  1.6571E+00 4.0616E-02
3.672823E+00  2.7408E+00 1.3500E-01  1.6560E+00 4.0761E-02
3.715353E+00  2.7372E+00 1.3540E-01  1.6550E+00 4.0907E-02
3.758374E+00  2.7335E+00 1.3579E-01  1.6538E+00 4.1054E-02
3.801894E+00  2.7297E+00 1.3618E-01  1.6527E+00 4.1200E-02
3.845918E+00  2.7257E+00 1.3657E-01  1.6515E+00 4.1346E-02
3.890452E+00  2.7216E+00 1.3696E-01  1.6503E+00 4.1496E-02
3.935501E+00  2.7173E+00 1.3737E-01  1.6490E+00 4.1653E-02
3.981072E+00  2.7129E+00 1.3776E-01  1.6476E+00 4.1805E-02
4.027171E+00  2.7083E+00 1.3813E-01  1.6462E+00 4.1955E-02
4.073803E+00  2.7035E+00 1.3849E-01  1.6448E+00 4.2101E-02
4.120976E+00  2.6986E+00 1.3884E-01  1.6433E+00 4.2245E-02
4.168694E+00  2.6936E+00 1.3910E-01  1.6418E+00 4.2364E-02
4.216965E+00  2.6884E+00 1.3934E-01  1.6402E+00 4.2477E-02
4.265796E+00  2.6829E+00 1.3957E-01  1.6385E+00 4.2591E-02
4.315191E+00  2.6773E+00 1.3980E-01  1.6368E+00 4.2704E-02
4.365159E+00  2.6714E+00 1.4002E-01  1.6350E+00 4.2818E-02
4.415705E+00  2.6654E+00 1.4023E-01  1.6332E+00 4.2932E-02
4.466837E+00  2.6590E+00 1.4048E-01  1.6312E+00 4.3059E-02
4.518560E+00  2.6524E+00 1.4075E-01  1.6292E+00 4.3196E-02
4.570882E+00  2.6455E+00 1.4103E-01  1.6271E+00 4.3339E-02
4.623810E+00  2.6384E+00 1.4133E-01  1.6249E+00 4.3489E-02
4.677352E+00  2.6311E+00 1.4164E-01  1.6226E+00 4.3645E-02
4.731513E+00  2.6235E+00 1.4196E-01  1.6203E+00 4.3807E-02
4.786301E+00  2.6156E+00 1.4231E-01  1.6179E+00 4.3980E-02
4.841724E+00  2.6071E+00 1.4271E-01  1.6153E+00 4.4175E-02
4.897789E+00  2.5984E+00 1.4313E-01  1.6126E+00 4.4380E-02
4.954502E+00  2.5893E+00 1.4357E-01  1.6098E+00 4.4595E-02
5.011873E+00  2.5800E+00 1.4404E-01  1.6069E+00 4.4819E-02
5.069908E+00  2.5705E+00 1.4454E-01  1.6039E+00 4.5060E-02
5.128614E+00  2.5606E+00 1.4511E-01  1.6008E+00 4.5323E-02
5.188001E+00  2.5502E+00 1.4573E-01  1.5976E+00 4.5609E-02
5.248075E+00  2.5395E+00 1.4642E-01  1.5942E+00 4.5921E-02
5.308845E+00  2.5283E+00 1.4717E-01  1.5907E+00 4.6259E-02
5.370318E+00  2.5167E+00 1.4798E-01  1.5871E+00 4.6620E-02
5.432504E+00  2.5047E+00 1.4885E-01  1.5833E+00 4.7004E-02
5.495409E+00  2.4924E+00 1.4976E-01  1.5794E+00 4.7411E-02
5.559043E+00  2.4795E+00 1.5075E-01  1.5754E+00 4.7847E-02
5.623414E+00  2.4661E+00 1.5180E-01  1.5711E+00 4.8310E-02
5.688530E+00  2.4521E+00 1.5295E-01  1.5667E+00 4.8812E-02
5.754400E+00  2.4375E+00 1.5415E-01  1.5620E+00 4.9343E-02
5.821033E+00  2.4224E+00 1.5540E-01  1.5572E+00 4.9897E-02
5.888437E+00  2.4067E+00 1.5669E-01  1.5522E+00 5.0474E-02
5.956622E+00  2.3906E+00 1.5805E-01  1.5470E+00 5.1082E-02
6.025596E+00  2.3739E+00 1.5942E-01  1.5416E+00 5.1706E-02
6.095369E+00  2.3568E+00 1.6080E-01  1.5361E+00 5.2343E-02
6.165950E+00  2.3391E+00 1.6219E-01  1.5303E+00 5.2992E-02
6.237349E+00  2.3205E+00 1.6340E-01  1.5243E+00 5.3598E-02
6.309574E+00  2.3007E+00 1.6432E-01  1.5178E+00 5.4132E-02
6.382635E+00  2.2802E+00 1.6507E-01  1.5110E+00 5.4624E-02
6.456543E+00  2.2585E+00 1.6557E-01  1.5038E+00 5.5050E-02
6.531306E+00  2.2355E+00 1.6586E-01  1.4962E+00 5.5428E-02
6.606935E+00  2.2112E+00 1.6594E-01  1.4880E+00 5.5759E-02
6.683440E+00  2.1849E+00 1.6581E-01  1.4792E+00 5.6047E-02
6.760830E+00  2.1570E+00 1.6537E-01  1.4697E+00 5.6257E-02
6.839117E+00  2.1266E+00 1.6480E-01  1.4594E+00 5.6462E-02
6.918310E+00  2.0938E+00 1.6414E-01  1.4481E+00 5.6675E-02
6.998421E+00  2.0575E+00 1.6356E-01  1.4355E+00 5.6970E-02
7.079458E+00  2.0178E+00 1.6351E-01  1.4217E+00 5.7507E-02
7.161435E+00  1.9751E+00 1.6369E-01  1.4066E+00 5.8186E-02
7.244360E+00  1.9272E+00 1.6626E-01  1.3895E+00 5.9827E-02
7.328246E+00  1.8737E+00 1.7045E-01  1.3703E+00 6.2197E-02
7.413103E+00  1.8144E+00 1.7841E-01  1.3486E+00 6.6145E-02
7.498943E+00  1.7505E+00 1.9167E-01  1.3250E+00 7.2325E-02
7.585776E+00  1.6820E+00 2.1165E-01  1.2995E+00 8.1434E-02
7.673616E+00  1.6111E+00 2.4018E-01  1.2728E+00 9.4351E-02
7.762472E+00  1.5374E+00 2.7635E-01  1.2449E+00 1.1099E-01
7.852357E+00  1.4611E+00 3.2159E-01  1.2160E+00 1.3224E-01
7.943283E+00  1.3879E+00 3.7589E-01  1.1887E+00 1.5811E-01
8.035262E+00  1.3195E+00 4.3986E-01  1.1641E+00 1.8893E-01
8.128305E+00  1.2588E+00 5.1460E-01  1.1443E+00 2.2486E-01
8.222427E+00  1.2021E+00 5.9794E-01  1.1280E+00 2.6505E-01
8.317638E+00  1.1553E+00 6.8256E-01  1.1174E+00 3.0542E-01
8.413952E+00  1.1215E+00 7.6123E-01  1.1129E+00 3.4201E-01
8.511381E+00  1.0867E+00 8.3084E-01  1.1078E+00 3.7498E-01
8.609939E+00  1.0436E+00 8.9682E-01  1.0999E+00 4.0768E-01
8.709637E+00  9.8942E-01 9.6770E-01  1.0894E+00 4.4416E-01
8.810490E+00  9.2731E-01 1.0510E+00  1.0791E+00 4.8697E-01
8.912510E+00  8.6237E-01 1.1511E+00  1.0725E+00 5.3662E-01
9.015712E+00  8.0085E-01 1.2701E+00  1.0729E+00 5.9190E-01
9.120110E+00  7.4935E-01 1.4080E+00  1.0827E+00 6.5026E-01
9.225715E+00  7.1486E-01 1.5624E+00  1.1029E+00 7.0826E-01
9.332543E+00  7.0205E-01 1.7277E+00  1.1329E+00 7.6250E-01
9.440610E+00  7.1396E-01 1.8965E+00  1.1706E+00 8.1008E-01
9.549927E+00  7.5040E-01 2.0608E+00  1.2132E+00 8.4935E-01
9.660509E+00  8.0742E-01 2.2116E+00  1.2573E+00 8.7949E-01
9.772373E+00  8.7488E-01 2.3425E+00  1.2991E+00 9.0158E-01
9.885531E+00  9.3822E-01 2.4616E+00  1.3365E+00 9.2091E-01
1.000000E+01  9.9582E-01 2.5746E+00  1.3705E+00 9.3932E-01
1.011580E+01  1.0466E+00 2.6944E+00  1.4031E+00 9.6018E-01
1.023293E+01  1.1014E+00 2.8334E+00  1.4390E+00 9.8451E-01
1.035142E+01  1.1791E+00 2.9900E+00  1.4821E+00 1.0087E+00
1.047129E+01  1.2988E+00 3.1484E+00  1.5337E+00 1.0264E+00
1.059254E+01  1.4564E+00 3.2794E+00  1.5882E+00 1.0324E+00
1.071519E+01  1.6288E+00 3.3708E+00  1.6390E+00 1.0283E+00
1.083927E+01  1.7902E+00 3.4283E+00  1.6819E+00 1.0192E+00
1.096478E+01  1.9388E+00 3.4783E+00  1.7206E+00 1.0108E+00
1.109175E+01  2.0858E+00 3.5236E+00  1.7579E+00 1.0022E+00
1.122019E+01  2.2435E+00 3.5555E+00  1.7955E+00 9.9011E-01
1.135011E+01  2.3970E+00 3.5678E+00  1.8297E+00 9.7499E-01
1.148154E+01  2.5426E+00 3.5672E+00  1.8605E+00 9.5864E-01
1.161449E+01  2.6807E+00 3.5709E+00  1.8902E+00 9.4457E-01
1.174898E+01  2.8298E+00 3.5680E+00  1.9214E+00 9.2848E-01
1.188502E+01  2.9932E+00 3.5475E+00  1.9538E+00 9.0784E-01
1.202265E+01  3.1520E+00 3.4964E+00  1.9824E+00 8.8187E-01
1.216186E+01  3.2990E+00 3.4154E+00  2.0059E+00 8.5134E-01
1.230269E+01  3.4164E+00 3.3289E+00  2.0232E+00 8.2271E-01
1.244515E+01  3.5297E+00 3.2415E+00  2.0398E+00 7.9454E-01
1.258926E+01  3.6385E+00 3.1406E+00  2.0549E+00 7.6418E-01
1.273503E+01  3.7328E+00 3.0178E+00  2.0656E+00 7.3052E-01
1.288250E+01  3.8071E+00 2.8807E+00  2.0714E+00 6.9536E-01
1.303167E+01  3.8530E+00 2.7422E+00  2.0715E+00 6.6190E-01
1.318257E+01  3.8771E+00 2.6040E+00  2.0673E+00 6.2980E-01
1.333522E+01  3.8919E+00 2.4647E+00  2.0614E+00 5.9783E-01
1.348963E+01  3.8850E+00 2.3227E+00  2.0508E+00 5.6631E-01
1.364583E+01  3.8469E+00 2.1756E+00  2.0330E+00 5.3505E-01
1.380384E+01  3.7793E+00 2.0390E+00  2.0092E+00 5.0743E-01
1.396369E+01  3.6830E+00 1.9258E+00  1.9798E+00 4.8638E-01
1.412538E+01  3.5689E+00 1.8388E+00  1.9473E+00 4.7215E-01
1.428894E+01  3.4478E+00 1.7829E+00  1.9143E+00 4.6569E-01
1.445440E+01  3.3261E+00 1.7529E+00  1.8823E+00 4.6563E-01
1.462177E+01  3.2122E+00 1.7457E+00  1.8531E+00 4.7102E-01
1.479109E+01  3.1053E+00 1.7564E+00  1.8266E+00 4.8080E-01
1.496236E+01  3.0117E+00 1.7755E+00  1.8039E+00 4.9215E-01
1.513561E+01  2.9241E+00 1.8005E+00  1.7830E+00 5.0491E-01
1.531088E+01  2.8374E+00 1.8314E+00  1.7627E+00 5.1948E-01
1.548817E+01  2.7562E+00 1.8699E+00  1.7445E+00 5.3594E-01
1.566751E+01  2.6807E+00 1.9164E+00  1.7286E+00 5.5433E-01
1.584893E+01  2.6089E+00 1.9690E+00  1.7143E+00 5.7429E-01
1.603246E+01  2.5385E+00 2.0254E+00  1.7009E+00 5.9539E-01
1.621810E+01  2.4713E+00 2.0873E+00  1.6891E+00 6.1787E-01
1.640590E+01  2.4090E+00 2.1576E+00  1.6797E+00 6.4225E-01
1.659587E+01  2.3525E+00 2.2357E+00  1.6730E+00 6.6817E-01
1.678804E+01  2.3001E+00 2.3180E+00  1.6682E+00 6.9478E-01
1.698244E+01  2.2515E+00 2.4009E+00  1.6648E+00 7.2109E-01
1.717909E+01  2.2078E+00 2.4891E+00  1.6636E+00 7.4813E-01
1.737801E+01  2.1691E+00 2.5880E+00  1.6652E+00 7.7708E-01
1.757924E+01  2.1365E+00 2.6930E+00  1.6695E+00 8.0656E-01
1.778280E+01  2.1102E+00 2.8006E+00  1.6758E+00 8.3558E-01
1.798871E+01  2.0917E+00 2.9080E+00  1.6843E+00 8.6327E-01
1.819701E+01  2.0811E+00 3.0196E+00  1.6954E+00 8.9056E-01
1.840772E+01  2.0791E+00 3.1425E+00  1.7098E+00 9.1893E-01
1.862087E+01  2.0865E+00 3.2684E+00  1.7269E+00 9.4634E-01
1.883649E+01  2.1036E+00 3.3939E+00  1.7459E+00 9.7195E-01
1.905461E+01  2.1319E+00 3.5118E+00  1.7664E+00 9.9408E-01
1.927525E+01  2.1712E+00 3.6274E+00  1.7887E+00 1.0140E+00
1.949845E+01  2.2223E+00 3.7430E+00  1.8132E+00 1.0322E+00
1.972423E+01  2.2851E+00 3.8572E+00  1.8396E+00 1.0484E+00
1.995263E+01  2.3589E+00 3.9679E+00  1.8675E+00 1.0624E+00
2.018367E+01  2.4391E+00 4.0512E+00  1.8931E+00 1.0700E+00
2.041738E+01  2.5150E+00 4.1172E+00  1.9157E+00 1.0746E+00
2.065380E+01  2.5757E+00 4.1869E+00  1.9354E+00 1.0817E+00
2.089296E+01  2.6409E+00 4.2593E+00  1.9561E+00 1.0887E+00
2.113489E+01  2.7108E+00 4.3279E+00  1.9771E+00 1.0945E+00
2.137962E+01  2.7814E+00 4.3903E+00  1.9973E+00 1.0991E+00
2.162719E+01  2.8433E+00 4.4477E+00  2.0152E+00 1.1035E+00
2.187762E+01  2.9041E+00 4.5120E+00  2.0335E+00 1.1094E+00
2.213095E+01  2.9709E+00 4.5820E+00  2.0533E+00 1.1158E+00
2.238721E+01  3.0540E+00 4.6448E+00  2.0752E+00 1.1191E+00
2.264644E+01  3.1361E+00 4.6920E+00  2.0952E+00 1.1197E+00
2.290868E+01  3.2079E+00 4.7269E+00  2.1119E+00 1.1191E+00
2.317395E+01  3.2704E+00 4.7712E+00  2.1278E+00 1.1212E+00
2.344229E+01  3.3336E+00 4.8228E+00  2.1443E+00 1.1245E+00
2.371374E+01  3.4061E+00 4.8746E+00  2.1625E+00 1.1271E+00
2.398833E+01  3.4762E+00 4.9173E+00  2.1792E+00 1.1282E+00
2.426610E+01  3.5419E+00 4.9548E+00  2.1946E+00 1.1289E+00
2.454709E+01  3.6078E+00 5.0028E+00  2.2109E+00 1.1314E+00
2.483133E+01  3.6765E+00 5.0591E+00  2.2283E+00 1.1352E+00
2.511887E+01  3.7538E+00 5.1003E+00  2.2457E+00 1.1355E+00
2.540973E+01  3.8277E+00 5.1313E+00  2.2616E+00 1.1345E+00
2.570396E+01  3.9019E+00 5.1620E+00  2.2773E+00 1.1333E+00
2.600160E+01  3.9763E+00 5.1924E+00  2.2931E+00 1.1322E+00
2.630268E+01  4.0509E+00 5.2224E+00  2.3087E+00 1.1310E+00
2.660725E+01  4.1258E+00 5.2520E+00  2.3243E+00 1.1298E+00
2.691535E+01  4.2008E+00 5.2812E+00  2.3398E+00 1.1286E+00
2.722702E+01  4.2761E+00 5.3101E+00  2.3552E+00 1.1273E+00
2.754229E+01  4.3515E+00 5.3386E+00  2.3705E+00 1.1260E+00
2.786121E+01  4.4271E+00 5.3689E+00  2.3860E+00 1.1251E+00
2.818383E+01  4.5028E+00 5.3982E+00  2.4013E+00 1.1240E+00
2.851019E+01  4.5787E+00 5.4266E+00  2.4165E+00 1.1228E+00
2.884032E+01  4.6547E+00 5.4539E+00  2.4315E+00 1.1215E+00
2.917427E+01  4.7307E+00 5.4802E+00  2.4465E+00 1.1200E+00
2.951209E+01  4.8068E+00 5.5055E+00  2.4612E+00 1.1184E+00
2.985383E+01  4.8829E+00 5.5299E+00  2.4759E+00 1.1167E+00
3.019952E+01  4.9601E+00 5.5507E+00  2.4904E+00 1.1144E+00
3.054921E+01  5.0377E+00 5.5684E+00  2.5047E+00 1.1116E+00
3.090296E+01  5.1148E+00 5.5848E+00  2.5187E+00 1.1087E+00
3.126080E+01  5.1913E+00 5.5999E+00  2.5325E+00 1.1056E+00
3.162278E+01  5.2672E+00 5.6138E+00  2.5461E+00 1.1024E+00
3.198896E+01  5.3425E+00 5.6265E+00  2.5594E+00 1.0992E+00
3.235937E+01  5.4172E+00 5.6380E+00  2.5725E+00 1.0958E+00
3.273407E+01  5.4913E+00 5.6483E+00  2.5854E+00 1.0923E+00
3.311311E+01  5.5648E+00 5.6575E+00  2.5981E+00 1.0888E+00
3.349655E+01  5.6377E+00 5.6656E+00  2.6106E+00 1.0851E+00
3.388442E+01  5.7060E+00 5.6730E+00  2.6222E+00 1.0817E+00
3.427678E+01  5.7737E+00 5.6797E+00  2.6337E+00 1.0783E+00
3.467369E+01  5.8412E+00 5.6859E+00  2.6451E+00 1.0748E+00
3.507519E+01  5.9083E+00 5.6915E+00  2.6563E+00 1.0713E+00
3.548134E+01  5.9750E+00 5.6966E+00  2.6674E+00 1.0678E+00
3.589220E+01  6.0414E+00 5.7011E+00  2.6784E+00 1.0643E+00
3.630781E+01  6.1074E+00 5.7051E+00  2.6893E+00 1.0607E+00
3.672823E+01  6.1731E+00 5.7086E+00  2.7001E+00 1.0571E+00
3.715353E+01  6.2384E+00 5.7117E+00  2.7108E+00 1.0535E+00
3.758374E+01  6.3035E+00 5.7143E+00  2.7214E+00 1.0499E+00
3.801894E+01  6.3768E+00 5.7204E+00  2.7334E+00 1.0464E+00
3.845918E+01  6.4510E+00 5.7261E+00  2.7456E+00 1.0428E+00
3.890452E+01  6.5260E+00 5.7315E+00  2.7578E+00 1.0391E+00
3.935501E+01  6.6017E+00 5.7365E+00  2.7701E+00 1.0354E+00
3.981072E+01  6.6781E+00 5.7411E+00  2.7825E+00 1.0316E+00
4.027171E+01  6.7552E+00 5.7452E+00  2.7949E+00 1.0278E+00
4.073803E+01  6.8330E+00 5.7491E+00  2.8074E+00 1.0239E+00
4.120976E+01  6.9114E+00 5.7525E+00  2.8199E+00 1.0200E+00
4.168694E+01  6.9884E+00 5.7510E+00  2.8319E+00 1.0154E+00
4.216966E+01  7.0647E+00 5.7467E+00  2.8435E+00 1.0105E+00
4.265796E+01  7.1408E+00 5.7410E+00  2.8551E+00 1.0054E+00
4.315191E+01  7.2168E+00 5.7339E+00  2.8665E+00 1.0001E+00
4.365159E+01  7.2926E+00 5.7254E+00  2.8779E+00 9.9473E-01
4.415705E+01  7.3682E+00 5.7156E+00  2.8891E+00 9.8918E-01
4.466837E+01  7.4436E+00 5.7045E+00  2.9001E+00 9.8349E-01
4.518560E+01  7.5187E+00 5.6923E+00  2.9111E+00 9.7768E-01
4.570882E+01  7.5932E+00 5.6791E+00  2.9219E+00 9.7182E-01
4.623811E+01  7.6674E+00 5.6649E+00  2.9326E+00 9.6585E-01
4.677352E+01  7.7412E+00 5.6496E+00  2.9432E+00 9.5978E-01
4.731513E+01  7.8146E+00 5.6333E+00  2.9536E+00 9.5362E-01
4.786301E+01  7.8876E+00 5.6160E+00  2.9640E+00 9.4737E-01
4.841724E+01  7.9603E+00 5.5976E+00  2.9742E+00 9.4104E-01
4.897789E+01  8.0324E+00 5.5784E+00  2.9843E+00 9.3462E-01
4.954503E+01  8.1042E+00 5.5581E+00  2.9943E+00 9.2813E-01
5.011873E+01  8.1753E+00 5.5369E+00  3.0041E+00 9.2156E-01
5.069908E+01  8.2452E+00 5.5145E+00  3.0137E+00 9.1491E-01
5.128614E+01  8.3145E+00 5.4911E+00  3.0231E+00 9.0818E-01
5.188001E+01  8.3828E+00 5.4666E+00  3.0324E+00 9.0137E-01
5.248075E+01  8.4502E+00 5.4409E+00  3.0414E+00 8.9446E-01
5.308845E+01  8.5170E+00 5.4142E+00  3.0503E+00 8.8748E-01
5.370319E+01  8.5832E+00 5.3867E+00  3.0591E+00 8.8043E-01
5.432504E+01  8.6493E+00 5.3584E+00  3.0679E+00 8.7330E-01
5.495409E+01  8.7149E+00 5.3292E+00  3.0765E+00 8.6611E-01
5.559043E+01  8.7799E+00 5.2993E+00  3.0850E+00 8.5887E-01
5.623414E+01  8.8441E+00 5.2686E+00  3.0934E+00 8.5158E-01
5.688530E+01  8.9076E+00 5.2373E+00  3.1017E+00 8.4427E-01
5.754400E+01  8.9699E+00 5.2051E+00  3.1097E+00 8.3692E-01
5.821033E+01  9.0312E+00 5.1722E+00  3.1176E+00 8.2953E-01
5.888437E+01  9.0914E+00 5.1386E+00  3.1253E+00 8.2211E-01
5.956622E+01  9.1502E+00 5.1040E+00  3.1327E+00 8.1464E-01
6.025597E+01  9.2077E+00 5.0687E+00  3.1399E+00 8.0713E-01
6.095370E+01  9.2641E+00 5.0326E+00  3.1470E+00 7.9960E-01
6.165951E+01  9.3194E+00 4.9959E+00  3.1538E+00 7.9204E-01
6.237349E+01  9.3745E+00 4.9590E+00  3.1607E+00 7.8448E-01
6.309574E+01  9.4295E+00 4.9219E+00  3.1675E+00 7.7693E-01
6.382636E+01  9.4831E+00 4.8842E+00  3.1741E+00 7.6938E-01
6.456543E+01  9.5344E+00 4.8459E+00  3.1804E+00 7.6184E-01
6.531307E+01  9.5846E+00 4.8072E+00  3.1865E+00 7.5432E-01
6.606935E+01  9.6347E+00 4.7684E+00  3.1926E+00 7.4680E-01
6.683440E+01  9.6843E+00 4.7294E+00  3.1986E+00 7.3929E-01
6.760831E+01  9.7337E+00 4.6902E+00  3.2046E+00 7.3180E-01
6.839117E+01  9.7823E+00 4.6508E+00  3.2104E+00 7.2432E-01
6.918311E+01  9.8286E+00 4.6108E+00  3.2160E+00 7.1686E-01
6.998421E+01  9.8707E+00 4.5699E+00  3.2209E+00 7.0942E-01
7.079459E+01  9.9184E+00 4.5301E+00  3.2266E+00 7.0199E-01
7.161435E+01  9.9603E+00 4.4893E+00  3.2315E+00 6.9461E-01
7.244360E+01  1.0001E+01 4.4484E+00  3.2363E+00 6.8726E-01
7.328246E+01  1.0041E+01 4.4074E+00  3.2410E+00 6.7996E-01
7.413104E+01  1.0081E+01 4.3666E+00  3.2456E+00 6.7270E-01
7.498943E+01  1.0121E+01 4.3258E+00  3.2502E+00 6.6547E-01
7.585777E+01  1.0160E+01 4.2851E+00  3.2548E+00 6.5828E-01
7.673616E+01  1.0199E+01 4.2444E+00  3.2593E+00 6.5113E-01
7.762472E+01  1.0236E+01 4.2038E+00  3.2636E+00 6.4403E-01
7.852358E+01  1.0272E+01 4.1630E+00  3.2677E+00 6.3700E-01
7.943283E+01  1.0307E+01 4.1224E+00  3.2717E+00 6.3001E-01
8.035262E+01  1.0341E+01 4.0819E+00  3.2756E+00 6.2308E-01
8.128306E+01  1.0375E+01 4.0417E+00  3.2795E+00 6.1621E-01
8.222427E+01  1.0409E+01 4.0016E+00  3.2833E+00 6.0939E-01
8.317638E+01  1.0441E+01 3.9614E+00  3.2869E+00 6.0260E-01
8.413953E+01  1.0471E+01 3.9211E+00  3.2904E+00 5.9585E-01
8.511382E+01  1.0501E+01 3.8810E+00  3.2937E+00 5.8916E-01
8.609939E+01  1.0531E+01 3.8413E+00  3.2970E+00 5.8253E-01
8.709637E+01  1.0561E+01 3.8019E+00  3.3004E+00 5.7598E-01
8.810490E+01  1.0589E+01 3.7627E+00  3.3036E+00 5.6948E-01
8.912511E+01  1.0617E+01 3.7237E+00  3.3066E+00 5.6306E-01
9.015713E+01  1.0643E+01 3.6848E+00  3.3095E+00 5.5670E-01
9.120110E+01  1.0669E+01 3.6462E+00  3.3123E+00 5.5039E-01
9.225716E+01  1.0694E+01 3.6078E+00  3.3151E+00 5.4414E-01
9.332544E+01  1.0719E+01 3.5696E+00  3.3179E+00 5.3793E-01
9.440610E+01  1.0744E+01 3.5317E+00  3.3206E+00 5.3179E-01
9.549927E+01  1.0768E+01 3.4941E+00  3.3233E+00 5.2570E-01
9.660510E+01  1.0791E+01 3.4568E+00  3.3259E+00 5.1969E-01
9.772373E+01  1.0814E+01 3.4198E+00  3.3283E+00 5.1374E-01
9.885532E+01  1.0836E+01 3.3831E+00  3.3307E+00 5.0786E-01
1.000000E+02  1.0857E+01 3.3466E+00  3.3330E+00 5.0203E-01
